2024 01 19  0655   60328   24900  0  2.34e+03  1.18e+01  0  5.12e+03  1.15e+01  1.29e+00  4.90e-01  1.08e-01  -1.00
2024 01 19  0700   60328   25200  0  1.99e+03  1.88e+01  0  5.13e+03  1.53e+01  1.67e+00  4.11e-01  1.42e-01  -1.00
2024 01 19  0705   60328   25500  0  1.86e+03  1.16e+01  0  4.74e+03  1.22e+01  1.47e+00  3.70e-01  1.26e-01  -1.00
2024 01 19  0710   60328   25800  0  2.50e+03  1.65e+01  0  5.34e+03  1.21e+01  1.64e+00  2.79e-01  3.26e-02  -1.00
2024 01 19  0715   60328   26100  0  1.97e+03  1.33e+01  0  5.01e+03  1.33e+01  1.03e+00  1.74e-01  6.56e-02  -1.00
2024 01 19  0720   60328   26400  0  2.04e+03  1.58e+01  0  4.92e+03  1.29e+01  1.58e+00  3.77e-01  8.15e-02  -1.00
2024 01 19  0725   60328   26700  0  2.22e+03  1.57e+01  0  5.00e+03  1.16e+01  1.51e+00  4.25e-01  8.79e-02  -1.00
2024 01 19  0730   60328   27000  0  2.16e+03  1.43e+01  0  5.19e+03  1.25e+01  1.60e+00  2.62e-01  9.89e-02  -1.00
2024 01 19  0735   60328   27300  0  2.07e+03  1.88e+01  0  5.07e+03  1.36e+01  1.65e+00  2.98e-01  1.06e-01  -1.00
2024 01 19  0740   60328   27600  0  1.87e+03  1.24e+01  0  4.77e+03  1.23e+01  1.14e+00  3.20e-01  1.06e-01  -1.00
2024 01 19  0745   60328   27900  0  2.33e+03  1.92e+01  0  5.01e+03  1.24e+01  1.16e+00  3.71e-01  6.85e-02  -1.00
2024 01 19  0750   60328   28200  0  2.03e+03  1.77e+01  0  5.22e+03  1.31e+01  1.76e+00  5.30e-01  2.38e-01  -1.00
2024 01 19  0755   60328   28500  0  1.81e+03  1.37e+01  0  4.77e+03  1.12e+01  9.99e-01  3.54e-01  1.06e-01  -1.00
2024 01 19  0800   60328   28800  0  2.62e+03  1.51e+01  0  5.12e+03  1.29e+01  1.52e+00  4.24e-01  1.63e-01  -1.00
2024 01 19  0805   60328   29100  0  1.92e+03  1.24e+01  0  5.10e+03  1.05e+01  1.56e+00  3.04e-01  1.28e-01  -1.00
2024 01 19  0810   60328   29400  0  1.59e+03  1.20e+01  0  5.06e+03  1.38e+01  1.79e+00  2.88e-01  9.58e-02  -1.00
2024 01 19  0815   60328   29700  0  1.84e+03  1.38e+01  0  4.73e+03  1.21e+01  1.43e+00  3.46e-01  8.56e-02  -1.00
2024 01 19  0820   60328   30000  0  2.44e+03  1.61e+01  0  5.25e+03  1.43e+01  1.31e+00  2.19e-01  8.60e-02  -1.00
2024 01 19  0825   60328   30300  0  1.92e+03  1.25e+01  0  5.23e+03  1.11e+01  1.43e+00  4.05e-01  1.25e-01  -1.00
2024 01 19  0830   60328   30600  0  1.55e+03  1.23e+01  0  4.84e+03  1.25e+01  1.49e+00  1.86e-01  7.79e-02  -1.00
2024 01 19  0835   60328   30900  0  2.07e+03  1.57e+01  0  5.24e+03  1.29e+01  1.45e+00  1.72e-01  5.55e-02  -1.00
2024 01 19  0840   60328   31200  0  1.85e+03  1.61e+01  0  5.03e+03  1.25e+01  1.54e+00  3.08e-01  1.15e-01  -1.00
2024 01 19  0845   60328   31500  0  1.70e+03  1.48e+01  0  5.13e+03  1.49e+01  1.10e+00  3.74e-01  3.31e-02  -1.00
2024 01 19  0850   60328   31800  0  1.72e+03  1.15e+01  0  4.99e+03  1.10e+01  1.20e+00  1.90e-01  4.72e-02  -1.00
2024 01 19  0855   60328   32100  0  1.93e+03  1.54e+01  0  5.12e+03  1.25e+01  1.38e+00  3.71e-01  1.44e-01  -1.00
2024 01 19  0900   60328   32400  0  1.35e+03  1.18e+01  0  5.04e+03  1.20e+01  1.37e+00  2.06e-01  4.75e-02  -1.00
2024 01 19  0905   60328   32700  0  1.78e+03  1.27e+01  0  4.73e+03  1.33e+01  1.71e+00  2.24e+00  8.62e-02  -1.00
2024 01 19  0910   60328   33000  0  2.17e+03  1.43e+01  0  5.18e+03  1.07e+01  1.36e+00  1.84e-01  6.73e-02  -1.00
2024 01 19  0915   60328   33300  0  1.35e+03  1.25e+01  0  5.11e+03  1.13e+01  1.68e+00  3.97e-01  5.02e-02  -1.00
2024 01 19  0920   60328   33600  0  1.83e+03  1.63e+01  0  4.90e+03  1.18e+01  1.48e+00  5.00e-01  1.10e-01  -1.00
2024 01 19  0925   60328   33900  0  2.35e+03  1.82e+01  0  4.96e+03  1.33e+01  1.45e+00  4.12e-01  1.23e-01  -1.00
2024 01 19  0930   60328   34200  0  1.94e+03  1.89e+01  0  5.12e+03  1.22e+01  9.57e-01  3.44e-01  1.02e-01  -1.00
2024 01 19  0935   60328   34500  0  1.92e+03  1.33e+01  0  5.12e+03  1.01e+01  1.63e+00  3.44e-01  9.93e-02  -1.00
2024 01 19  0940   60328   34800  0  1.92e+03  1.31e+01  0  4.77e+03  1.20e+01  1.19e+00  2.38e-01  7.53e-02  -1.00
2024 01 19  0945   60328   35100  0  2.40e+03  1.49e+01  0  5.19e+03  1.27e+01  1.31e+00  3.22e-01  1.01e-01  -1.00
2024 01 19  0950   60328   35400  0  1.94e+03  1.09e+01  0  5.12e+03  1.34e+01  1.30e+00  5.65e-01  1.36e-01  -1.00
2024 01 19  0955   60328   35700  0  2.38e+03  1.28e+01  0  4.97e+03  3.25e+00  9.62e-01  5.23e-01  0.00e+00  -1.00
2024 01 19  1000   60328   36000  0  2.09e+03  1.16e+01  0  5.09e+03  1.34e+01  1.27e+00  4.71e-01  7.21e-02  -1.00
2024 01 19  1005   60328   36300  0  2.22e+03  1.50e+01  0  4.93e+03  9.73e+00  1.40e+00  4.72e-01  1.18e-01  -1.00
2024 01 19  1010   60328   36600  0  1.78e+03  1.72e+01  0  4.97e+03  1.55e+01  1.38e+00  2.77e-01  9.91e-02  -1.00
2024 01 19  1015   60328   36900  0  1.94e+03  1.48e+01  0  4.83e+03  1.30e+01  1.27e+00  3.98e-01  4.27e-02  -1.00
2024 01 19  1020   60328   37200  0  2.00e+03  1.71e+01  0  5.16e+03  1.26e+01  1.33e+00  2.49e-01  8.60e-02  -1.00
2024 01 19  1025   60328   37500  0  1.86e+03  1.83e+01  0  5.15e+03  1.20e+01  1.21e+00  3.20e-01  7.78e-02  -1.00
2024 01 19  1030   60328   37800  0  1.60e+03  1.74e+01  0  4.79e+03  1.16e+01  1.37e+00  4.79e-01  6.81e-02  -1.00
2024 01 19  1035   60328   38100  0  2.24e+03  1.72e+01  0  5.12e+03  1.38e+01  1.35e+00  4.80e-01  1.13e-01  -1.00
2024 01 19  1040   60328   38400  0  2.09e+03  1.67e+01  0  5.11e+03  1.46e+01  1.39e+00  3.82e-01  9.61e-02  -1.00
2024 01 19  1045   60328   38700  0  1.53e+03  1.34e+01  0  4.91e+03  1.27e+01  1.25e+00  3.21e-01  7.04e-02  -1.00
2024 01 19  1050   60328   39000  0  1.98e+03  1.57e+01  0  5.01e+03  1.13e+01  1.53e+00  3.37e-01  8.58e-02  -1.00
2024 01 19  1055   60328   39300  0  1.97e+03  1.42e+01  0  5.10e+03  1.07e+01  1.70e+00  3.81e-01  1.16e-01  -1.00
2024 01 19  1100   60328   39600  0  1.61e+03  1.54e+01  0  4.95e+03  1.25e+01  1.66e+00  2.61e-01  4.46e-02  -1.00
2024 01 19  1105   60328   39900  0  2.02e+03  1.02e+01  0  4.75e+03  1.23e+01  1.60e+00  2.80e-01  6.63e-02  -1.00
2024 01 19  1110   60328   40200  0  2.50e+03  1.65e+01  0  5.11e+03  1.22e+01  1.45e+00  3.63e-01  1.03e-01  -1.00
2024 01 19  1115   60328   40500  0  2.02e+03  1.53e+01  0  5.19e+03  1.34e+01  9.18e-01  4.96e-01  9.91e-02  -1.00
2024 01 19  1120   60328   40800  0  1.81e+03  1.45e+01  0  4.96e+03  1.38e+01  1.29e+00  2.76e-01  1.96e-02  -1.00
2024 01 19  1125   60328   41100  0  2.29e+03  1.57e+01  0  5.06e+03  1.11e+01  1.48e+00  4.12e-01  8.63e-02  -1.00
2024 01 19  1130   60328   41400  0  1.61e+03  1.18e+01  0  5.05e+03  1.26e+01  1.62e+00  2.37e-01  4.47e-02  -1.00
2024 01 19  1135   60328   41700  0  1.75e+03  1.14e+01  0  4.86e+03  1.47e+01  1.36e+00  2.93e-01  4.37e-02  -1.00
2024 01 19  1140   60328   42000  0  1.79e+03  1.24e+01  0  4.88e+03  1.37e+01  1.18e+00  4.07e-01  1.19e-01  -1.00
2024 01 19  1145   60328   42300  0  2.14e+03  1.42e+01  0  5.23e+03  1.21e+01  1.08e+00  2.11e-01  8.47e-02  -1.00
2024 01 19  1150   60328   42600  0  1.82e+03  1.43e+01  0  5.19e+03  1.28e+01  1.15e+00  3.30e-01  9.56e-02  -1.00
2024 01 19  1155   60328   42900  0  2.18e+03  1.89e+01  0  4.76e+03  1.36e+01  9.46e-01  4.64e-01  9.10e-02  -1.00
2024 01 19  1200   60328   43200  0  2.18e+03  1.35e+01  0  5.16e+03  1.28e+01  1.07e+00  2.52e-01  1.85e-02  -1.00
2024 01 19  1205   60328   43500  0  1.79e+03  1.44e+01  0  5.16e+03  1.29e+01  1.40e+00  4.10e-01  1.48e-01  -1.00
2024 01 19  1210   60328   43800  0  1.83e+03  1.35e+01  0  5.01e+03  1.27e+01  1.29e+00  3.75e-01  8.88e-02  -1.00
2024 01 19  1215   60328   44100  0  1.82e+03  1.25e+01  0  4.88e+03  1.42e+01  1.04e+00  2.41e-01  3.06e-02  -1.00
2024 01 19  1220   60328   44400  0  1.92e+03  1.08e+01  0  5.11e+03  1.15e+01  1.16e+00  2.55e-01  1.48e-01  -1.00
2024 01 19  1225   60328   44700  0  1.66e+03  1.35e+01  0  4.98e+03  1.23e+01  1.38e+00  3.24e-01  1.15e-01  -1.00
2024 01 19  1230   60328   45000  0  2.02e+03  1.40e+01  0  4.74e+03  1.28e+01  1.58e+00  2.56e-01  1.70e-01  -1.00
2024 01 19  1235   60328   45300  0  1.93e+03  1.50e+01  0  5.03e+03  1.17e+01  1.39e+00  2.66e-01  1.25e-01  -1.00
2024 01 19  1240   60328   45600  0  1.96e+03  1.55e+01  0  5.13e+03  1.29e+01  1.32e+00  3.61e-01  4.01e-02  -1.00
2024 01 19  1245   60328   45900  0  2.04e+03  1.70e+01  0  4.95e+03  1.34e+01  1.04e+00  4.27e-01  9.62e-02  -1.00
2024 01 19  1250   60328   46200  0  2.32e+03  1.72e+01  0  4.95e+03  1.49e+01  1.49e+00  1.50e-01  7.08e-02  -1.00
2024 01 19  1255   60328   46500  0  1.89e+03  1.71e+01  0  5.09e+03  1.49e+01  1.31e+00  4.15e-01  9.30e-02  -1.00
2024 01 19  1300   60328   46800  0  2.08e+03  1.44e+01  0  5.07e+03  1.27e+01  9.45e-01  2.40e-01  9.04e-02  -1.00
2024 01 19  1305   60328   47100  0  2.01e+03  1.30e+01  0  4.77e+03  1.29e+01  1.33e+00  1.67e-01  1.34e-01  -1.00
2024 01 19  1310   60328   47400  0  2.45e+03  1.29e+01  0  5.24e+03  1.44e+01  1.21e+00  2.81e-01  8.85e-02  -1.00
2024 01 19  1315   60328   47700  0  2.27e+03  1.29e+01  0  5.18e+03  1.18e+01  1.29e+00  3.61e-01  5.19e-02  -1.00
2024 01 19  1320   60328   48000  0  2.22e+03  1.51e+01  0  4.80e+03  1.19e+01  1.33e+00  2.86e-01  9.30e-02  -1.00
2024 01 19  1325   60328   48300  0  2.16e+03  1.23e+01  0  5.08e+03  1.17e+01  1.13e+00  2.09e-01  6.11e-02  -1.00
2024 01 19  1330   60328   48600  0  1.91e+03  1.75e+01  0  5.07e+03  1.14e+01  1.63e+00  1.69e-01  7.20e-02  -1.00
2024 01 19  1335   60328   48900  0  2.23e+03  1.25e+01  0  5.08e+03  1.42e+01  1.31e+00  4.58e-01  7.55e-02  -1.00
2024 01 19  1340   60328   49200  0  2.07e+03  9.75e+00  0  4.81e+03  1.07e+01  1.13e+00  3.64e-01  8.98e-02  -1.00
2024 01 19  1345   60328   49500  0  2.56e+03  1.23e+01  0  5.12e+03  1.34e+01  1.14e+00  2.62e-01  1.23e-01  -1.00
2024 01 19  1350   60328   49800  0  1.88e+03  1.13e+01  0  5.16e+03  1.13e+01  1.30e+00  1.46e-01  3.24e-02  -1.00
2024 01 19  1355   60328   50100  0  2.36e+03  1.53e+01  0  4.73e+03  1.13e+01  9.63e-01  5.08e-01  5.41e-02  -1.00
2024 01 19  1400   60328   50400  0  2.48e+03  1.28e+01  0  5.08e+03  1.21e+01  2.09e+00  3.50e-01  7.30e-02  -1.00
2024 01 19  1405   60328   50700  0  1.93e+03  1.46e+01  0  5.00e+03  1.30e+01  8.59e-01  2.97e-01  9.89e-02  -1.00
2024 01 19  1410   60328   51000  0  1.73e+03  1.39e+01  0  4.93e+03  1.53e+01  2.06e+00  3.49e-01  5.48e-02  -1.00
2024 01 19  1415   60328   51300  0  2.46e+03  1.57e+01  0  4.96e+03  1.20e+01  1.35e+00  4.91e-01  7.89e-02  -1.00
2024 01 19  1420   60328   51600  0  2.48e+03  1.65e+01  0  4.99e+03  1.31e+01  9.12e-01  5.65e-01  4.78e-02  -1.00
2024 01 19  1425   60328   51900  0  1.90e+03  1.77e+01  0  5.07e+03  1.25e+01  1.36e+00  2.01e-01  9.49e-02  -1.00
2024 01 19  1430   60328   52200  0  2.05e+03  1.37e+01  0  4.72e+03  1.17e+01  1.35e+00  3.42e-01  1.19e-01  -1.00
2024 01 19  1435   60328   52500  0  2.79e+03  1.59e+01  0  5.05e+03  1.03e+01  1.34e+00  3.91e-01  1.12e-01  -1.00
2024 01 19  1440   60328   52800  0  2.16e+03  1.52e+01  0  5.14e+03  1.39e+01  1.27e+00  3.49e-01  1.32e-01  -1.00
2024 01 19  1445   60328   53100  0  2.00e+03  1.48e+01  0  4.87e+03  1.30e+01  1.87e+00  4.13e-01  1.01e-01  -1.00
2024 01 19  1450   60328   53400  0  2.65e+03  1.45e+01  0  5.16e+03  1.16e+01  1.37e+00  5.29e-01  5.58e-02  -1.00
2024 01 19  1455   60328   53700  0  2.22e+03  1.38e+01  0  4.91e+03  1.09e+01  1.10e+00  3.78e-01  1.10e-01  -1.00
2024 01 19  1500   60328   54000  0  2.03e+03  1.31e+01  0  4.89e+03  1.13e+01  1.25e+00  2.59e-01  4.65e-02  -1.00
2024 01 19  1505   60328   54300  0  2.12e+03  1.08e+01  0  4.76e+03  1.34e+01  1.57e+00  2.60e-01  1.15e-01  -1.00
2024 01 19  1510   60328   54600  0  2.55e+03  1.64e+01  0  5.17e+03  1.41e+01  1.23e+00  2.42e-01  6.81e-02  -1.00
2024 01 19  1515   60328   54900  0  2.23e+03  1.61e+01  0  5.13e+03  1.14e+01  9.01e-01  3.70e-01  7.61e-02  -1.00
2024 01 19  1520   60328   55200  0  2.11e+03  1.50e+01  0  4.76e+03  1.15e+01  1.73e+00  2.41e-01  8.92e-02  -1.00
2024 01 19  1525   60328   55500  0  2.31e+03  1.32e+01  0  5.00e+03  1.44e+01  1.18e+00  1.77e-01  1.13e-01  -1.00
2024 01 19  1530   60328   55800  0  2.10e+03  1.49e+01  0  5.00e+03  1.37e+01  1.17e+00  2.83e-01  1.16e-01  -1.00
2024 01 19  1535   60328   56100  0  1.99e+03  1.26e+01  0  4.99e+03  1.39e+01  8.54e-01  4.80e-01  8.49e-02  -1.00
2024 01 19  1540   60328   56400  0  2.17e+03  1.06e+01  0  5.03e+03  1.26e+01  1.16e+00  2.68e-01  5.86e-02  -1.00
2024 01 19  1545   60328   56700  0  2.10e+03  1.12e+01  0  5.13e+03  1.16e+01  1.18e+00  3.61e-01  8.74e-02  -1.00
2024 01 19  1550   60328   57000  0  1.65e+03  1.07e+01  0  5.07e+03  1.32e+01  1.32e+00  8.91e-02  5.96e-02  -1.00
2024 01 19  1555   60328   57300  0  1.96e+03  1.06e+01  0  4.68e+03  5.56e+00  8.24e-01  1.05e+00  2.65e-01  -1.00
2024 01 19  1600   60328   57600  0  2.56e+03  1.50e+01  0  5.11e+03  1.29e+01  1.37e+00  4.10e-01  2.19e-01  -1.00
2024 01 19  1605   60328   57900  0  1.75e+03  1.51e+01  0  5.18e+03  1.27e+01  1.19e+00  1.94e-01  1.11e-01  -1.00
2024 01 19  1610   60328   58200  0  1.70e+03  1.48e+01  0  4.99e+03  1.28e+01  1.18e+00  3.42e-01  8.15e-02  -1.00
2024 01 19  1615   60328   58500  0  2.05e+03  1.27e+01  0  5.20e+03  1.10e+01  9.88e-01  4.20e-01  8.80e-02  -1.00
2024 01 19  1620   60328   58800  0  1.61e+03  1.42e+01  0  5.10e+03  1.22e+01  1.27e+00  3.54e-01  6.50e-02  -1.00
2024 01 19  1625   60328   59100  0  1.54e+03  1.45e+01  0  5.00e+03  1.29e+01  9.00e-01  2.32e-01  8.54e-02  -1.00
2024 01 19  1630   60328   59400  0  1.72e+03  1.20e+01  0  4.92e+03  1.47e+01  1.41e+00  2.84e-01  8.84e-02  -1.00
2024 01 19  1635   60328   59700  0  1.95e+03  1.83e+01  0  5.16e+03  1.33e+01  1.21e+00  2.85e-01  1.18e-01  -1.00
2024 01 19  1640   60328   60000  0  2.01e+03  1.55e+01  0  5.18e+03  1.40e+01  1.48e+00  3.52e-01  1.23e-01  -1.00
2024 01 19  1645   60328   60300  0  1.79e+03  1.48e+01  0  4.86e+03  1.12e+01  1.31e+00  3.84e-01  1.44e-01  -1.00
2024 01 19  1650   60328   60600  0  2.38e+03  1.54e+01  0  5.10e+03  1.29e+01  1.55e+00  3.68e-01  7.50e-02  -1.00
2024 01 19  1655   60328   60900  0  1.78e+03  1.02e+01  0  5.01e+03  1.10e+01  1.27e+00  2.14e-01  5.17e-02  -1.00
2024 01 19  1700   60328   61200  0  1.96e+03  1.53e+01  0  4.92e+03  1.34e+01  1.01e+00  2.20e-01  8.22e-02  -1.00
2024 01 19  1705   60328   61500  0  2.07e+03  1.34e+01  0  4.96e+03  1.31e+01  1.35e+00  2.22e-01  1.12e-01  -1.00
2024 01 19  1710   60328   61800  0  2.28e+03  1.45e+01  0  5.05e+03  1.32e+01  1.77e+00  3.19e-01  1.66e-01  -1.00
2024 01 19  1715   60328   62100  0  1.97e+03  1.34e+01  0  5.12e+03  1.44e+01  8.41e-01  2.14e-01  1.18e-01  -1.00
2024 01 19  1720   60328   62400  0  1.85e+03  1.53e+01  0  4.71e+03  1.21e+01  1.31e+00  3.98e-01  6.56e-02  -1.00
2024 01 19  1725   60328   62700  0  1.73e+03  1.10e+01  0  5.06e+03  1.48e+01  1.48e+00  2.02e-01  1.64e-01  -1.00
2024 01 19  1730   60328   63000  0  1.53e+03  1.35e+01  0  5.09e+03  1.25e+01  1.79e+00  2.15e-01  3.07e-02  -1.00
2024 01 19  1735   60328   63300  0  1.61e+03  1.39e+01  0  4.88e+03  1.18e+01  1.52e+00  3.70e-01  7.46e-02  -1.00
2024 01 19  1740   60328   63600  0  1.98e+03  1.38e+01  0  5.04e+03  1.15e+01  1.43e+00  4.13e-01  7.82e-02  -1.00
2024 01 19  1745   60328   63900  0  1.84e+03  1.46e+01  0  5.05e+03  1.30e+01  1.35e+00  1.87e-01  6.46e-02  -1.00
2024 01 19  1750   60328   64200  0  1.80e+03  1.12e+01  0  4.96e+03  1.51e+01  1.23e+00  2.68e-01  1.31e-01  -1.00
2024 01 19  1755   60328   64500  0  1.70e+03  1.45e+01  0  4.76e+03  1.15e+01  1.53e+00  2.52e-01  8.59e-02  -1.00
2024 01 19  1800   60328   64800  0  2.01e+03  1.12e+01  0  5.23e+03  1.42e+01  1.82e+00  2.27e-01  7.96e-02  -1.00
2024 01 19  1805   60328   65100  0  1.76e+03  1.32e+01  0  5.06e+03  1.29e+01  1.02e+00  1.92e-01  1.08e-01  -1.00
2024 01 19  1810   60328   65400  0  1.84e+03  1.34e+01  0  4.89e+03  1.32e+01  1.38e+00  2.78e-01  8.85e-02  -1.00
2024 01 19  1815   60328   65700  0  2.41e+03  1.46e+01  0  5.11e+03  1.06e+01  1.45e+00  2.55e-01  4.81e-02  -1.00
2024 01 19  1820   60328   66000  0  1.90e+03  1.19e+01  0  4.98e+03  1.10e+01  9.63e-01  2.79e-01  8.47e-02  -1.00
2024 01 19  1825   60328   66300  0  2.08e+03  1.64e+01  0  5.02e+03  1.19e+01  1.05e+00  4.43e-01  8.34e-02  -1.00
2024 01 19  1830   60328   66600  0  2.27e+03  1.51e+01  0  4.72e+03  1.15e+01  1.49e+00  3.45e-01  1.55e-01  -1.00
2024 01 19  1835   60328   66900  0  2.08e+03  1.24e+01  0  5.10e+03  1.09e+01  1.13e+00  1.86e-01  6.21e-02  -1.00
2024 01 19  1840   60328   67200  0  2.10e+03  1.47e+01  0  5.07e+03  1.19e+01  1.24e+00  2.38e-01  7.47e-02  -1.00
2024 01 19  1845   60328   67500  0  2.06e+03  1.61e+01  0  4.73e+03  1.30e+01  1.52e+00  3.28e-01  7.52e-02  -1.00
2024 01 19  1850   60328   67800  0  2.07e+03  1.13e+01  0  5.05e+03  1.48e+01  1.27e+00  4.45e-01  4.28e-02  -1.00
