                                        Quicklook ACE observations
                                 Differential Flux particles/cm2-s-ster-MeV
 
 UT Date   Time    --- Electron keV ---     ---------------------------------- Protons keV -------------------------------
                     DE1          DE4         P2          P3       P3ScaledP5  P3scaledP6      P5          FP6p         P7
  YR DOY HH MM     38-53       175-315     47-68       115-195     112-187*    112-187**    310-580     761-1220  1060-1910
   0  0  0    0       0.000       0.000       0.000       0.000 -100000.000 -100000.000       0.000       0.000       0.000
   0 2018  0   29       0.000       0.000       0.000       0.000 -100000.000 -100000.000       0.000       0.000       0.000
   0  0  0    0       0.000       0.000       0.000       0.000       0.000       0.000       0.000       0.000       0.000
   0  0  0    0       0.000       0.000       0.000       0.000 -100000.000 -100000.000       0.000       0.000       0.000
   0  0  0    0       0.000       0.000       0.000       0.000 -100000.000 -100000.000       0.000       0.000       0.000
   0  0  0    0       0.000       0.000       0.000       0.000 -100000.000 -100000.000       0.000       0.000       0.000
   0  0  0    0       0.000       2.000       0.000       0.000 -100000.000 -100000.000       0.000       0.000       0.000
   0  0  0    0       4.000       0.000       0.000       0.000       0.000       0.000       0.000       0.000       0.000
   0  0  0    0       0.000       0.000      -1.000       0.000 -100000.000 -100000.000       0.000       0.000       0.000
   0  0  0    0       0.000       0.000       0.000       0.000       0.000       0.000       0.000       0.000       0.000
   0  0  0    0       0.000       0.000       0.000       0.000 -100000.000 -100000.000       0.000       0.000       0.000
   0  0  0    0       0.000       0.000       0.000       0.000 -100000.000 -100000.000       0.000       0.000       0.000
   0  5  0    0       0.000       0.000       0.000       0.000 -100000.000 -100000.000       0.000       0.000       0.000
   0  0  0    0       0.000       0.000       0.000       0.000 -100000.000 -100000.000       0.000       0.000       0.000
   0  0  0    0       0.000       0.000       0.000       0.000 -100000.000 -100000.000       0.000       0.000       0.000
   0  0  0    0       0.000       0.000       0.000       0.000 -100000.000 -100000.000       0.000       0.000       0.000
   0  0  0    0       0.000       0.000       0.000      38.000    1225.000       0.000     175.000       0.000      47.000
   0  0  0    0       0.000       0.000       0.000       0.000 -100000.000 -100000.000       0.000       0.000       0.000
2018 11 29 1600   57600.000       0.000    1060.000      27.700 -100000.000 -100000.000       0.000    3500.000      22.400
2018 11 29 1605   57900.000       0.000    1030.000      29.700 -100000.000 -100000.000       0.000    3720.000      18.100
2018 11 29 1610   58200.000       0.000     975.000      31.600 -100000.000 -100000.000       0.000    3630.000      19.700
2018 11 29 1615   58500.000       0.000     903.000      30.900 -100000.000 -100000.000       0.000    3380.000      18.200
2018 11 29 1620   58800.000       0.000    1150.000      26.500 -100000.000 -100000.000       0.000    3610.000      18.600
2018 11 29 1625   59100.000       0.000     958.000      30.000 -100000.000 -100000.000       0.000    3670.000      18.800
2018 11 29 1630   59400.000       0.000     918.000      29.100 -100000.000 -100000.000       0.000    3510.000      20.100
2018 11 29 1635   59700.000       0.000    1020.000      34.200 -100000.000 -100000.000       0.000    3560.000      20.000
2018 11 29 1640   60000.000       0.000     951.000      27.000 -100000.000 -100000.000       0.000    3660.000      21.300
2018 11 29 1645   60300.000       0.000     866.000      31.200 -100000.000 -100000.000       0.000    3630.000      18.300
2018 11 29 1650   60600.000       0.000     904.000      27.000 -100000.000 -100000.000       0.000    3480.000      21.500
2018 11 29 1655   60900.000       0.000    1080.000      33.000 -100000.000 -100000.000       0.000    3710.000      21.200
2018 11 29 1700   61200.000       0.000     835.000      32.200 -100000.000 -100000.000       0.000    3720.000      20.200
2018 11 29 1705   61500.000       0.000     872.000      30.600 -100000.000 -100000.000       0.000    3550.000      19.000
2018 11 29 1710   61800.000       0.000    1140.000      30.200 -100000.000 -100000.000       0.000    3580.000      20.700
2018 11 29 1715   62100.000       0.000     791.000      27.700 -100000.000 -100000.000       0.000    3580.000      22.000
2018 11 29 1720   62400.000       0.000     895.000      31.100 -100000.000 -100000.000       0.000    3590.000      20.000
2018 11 29 1725   62700.000       0.000     959.000      25.400 -100000.000 -100000.000       0.000    3470.000      20.600
2018 11 29 1730   63000.000       0.000     953.000      29.500 -100000.000 -100000.000       0.000    3710.000      19.600
2018 11 29 1735   63300.000       0.000     892.000      31.000 -100000.000 -100000.000       0.000    3640.000      18.200
2018 11 29 1740   63600.000       0.000     897.000      29.500 -100000.000 -100000.000       0.000    3430.000      19.100
2018 11 29 1745   63900.000       0.000    1000.000      28.600 -100000.000 -100000.000       0.000    3600.000      18.000
2018 11 29 1750   64200.000       0.000     818.000      28.200 -100000.000 -100000.000       0.000    3660.000      21.200
2018 11 29 1755   64500.000       0.000     759.000      29.100 -100000.000 -100000.000       0.000    3600.000      21.400
 
 
                        2 hour  Real-time Differential Electron and Proton Flux
 
                   --- Electron keV ---     ----------------------------------- Protons keV ---------------------------------
                     DE1          DE4         P2          P3        P3ScaledP5   P3scaledP6     P5        FP6p         P7
                    38-53       175-315     47-68       115-195      112-187*    112-187**    310-580    761-1220   1060-1910
 
AVERAGE           34885.810       0.048       0.000       9.500       0.000       0.000       0.000       0.000       0.000
MINIMUM               0.000       0.000 10000000.000 10000000.000 10000000.000 10000000.000       0.000 10000000.000 10000000.000
FLUENCE          2.5118e+08  3.4286e+02  0.0000e+00  6.8400e+04  0.0000e+00  0.0000e+00  0.0000e+00  0.0000e+00  0.0000e+00
 
 
* This P3 channel is currently scaled from P5 data. P3* = P5 X   7.0
** This P3 channel is currently scaled from P6 data. P3** = P6 X  36.0
*** This P3 channel (not shown) is currently scaled from P7 data. P3*** = P7 X  110.0
