                                        Most recent ACE observations
                                 Differential Flux particles/cm2-s-ster-MeV
 
 UT Date   Time    --- Electron keV ---     ---------------------------------- Protons keV -------------------------------
                     DE1          DE4         P2          P3       P3ScaledP5  P3scaledP6      P5          FP6p         P7
  YR MO DA HHMM     38-53       175-315     47-68       115-195     112-187*    112-187**    310-580     761-1220  1060-1910
initial last values 1000000 100000 40000 20000 10000
2012  6 12 1255    1590.000      29.900     912.000      18.600      14.910      20.916       2.130       0.581       0.216
2012  6 12 1300    1690.000      34.000     923.000      17.200      21.490      48.240       3.070       1.340       0.441
2012  6 12 1305    1510.000      19.300     847.000      19.200      18.620      27.180       2.660       0.755       0.245
2012  6 12 1310    1750.000      19.300     904.000      18.000      12.740      34.308       1.820       0.953       0.256
2012  6 12 1315    1760.000      27.100     933.000      12.200      12.600      33.012       1.800       0.917       0.175
2012  6 12 1320    1830.000      24.800     827.000      19.500      17.990      46.440       2.570       1.290       0.434
2012  6 12 1325    2010.000      24.800     936.000      16.300      17.570      41.760       2.510       1.160       0.166
2012  6 12 1330    1820.000      24.000     944.000      17.300      14.840      35.928       2.120       0.998       0.256
2012  6 12 1335    1760.000      22.600     935.000      16.100      17.430      31.248       2.490       0.868       0.241
2012  6 12 1340    1920.000      30.000     948.000      18.600      18.130      52.560       2.590       1.460       0.298
2012  6 12 1345    1670.000      24.800    1010.000      19.900      17.920      35.820       2.560       0.995       0.328
2012  6 12 1350    1470.000      24.400     923.000      21.500      11.130      20.016       1.590       0.556       0.348
2012  6 12 1355    1330.000      27.600     897.000      21.500      23.660      17.820       3.380       0.495       0.416
2012  6 12 1400    1360.000      28.700     973.000      19.700      15.820      20.844       2.260       0.579       0.301
2012  6 12 1405    1190.000      27.600     946.000      18.300      21.910      21.132       3.130       0.587       0.304
2012  6 12 1410    1100.000      25.700     915.000      19.100      20.160      21.276       2.880       0.591       0.308
2012  6 12 1415    1140.000      23.100     906.000      16.000      15.470      27.648       2.210       0.768       0.303
2012  6 12 1420     933.000      23.200     913.000      16.700      21.210      28.908       3.030       0.803       0.534
2012  6 12 1425     984.000      24.300     943.000      17.200      12.740      20.160       1.820       0.560       0.291
2012  6 12 1430    1070.000      25.500     886.000      15.400      20.860      31.320       2.980       0.870       0.359
2012  6 12 1435    1310.000      24.000    1010.000      21.900      23.520      23.580       3.360       0.655       0.190
2012  6 12 1440    1260.000      29.800     993.000      19.000      19.670      23.868       2.810       0.663       0.339
2012  6 12 1445    1030.000      24.700     867.000      15.200      18.270      27.396       2.610       0.761       0.272
2012  6 12 1450    1250.000      24.300     968.000      19.400      19.040      16.596       2.720       0.461       0.274
 
 
                        2 hour  Real-time Differential Electron and Proton Flux
 
                   --- Electron keV ---     ----------------------------------- Protons keV ---------------------------------
                     DE1          DE4         P2          P3        P3ScaledP5   P3scaledP6     P5        FP6p         P7
                    38-53       175-315     47-68       115-195      112-187*    112-187**    310-580    761-1220   1060-1910
 
AVERAGE            1447.375      25.562     927.458      18.075      17.821      29.499       2.546       0.819       0.304
MINIMUM             933.000      19.300     827.000      12.200      11.130      16.596       1.590       0.461       0.166
FLUENCE          1.0421e+07  1.8405e+05  6.6777e+06  1.3014e+05  1.2831e+05  2.1239e+05  1.8330e+04  5.8998e+03  2.1885e+03
 
SPECTRA               P3/P5       7.100       P3/P6      22.058       P5/P6       3.107       P6/P7       2.696 
 
* This P3 channel is currently scaled from P5 data. P3* = P5 X   7.0
** This P3 channel is currently scaled from P6 data. P3** = P6 X  36.0
*** This P3 channel (not shown) is currently scaled from P7 data. P3*** = P7 X  110.0
