                                      Most recent GOES 13 observations
                                    Proton Flux particles/cm2-s-ster-MeV
 
 UT Date   Time     ----------------------------- Protons MeV -------------------------------
  YR MO DA HHMM      0.8-4.0      4.0-9.0       40-80       350-420      500-700       >700
                        P1          P2           P5           P8           P10          P11
2011  2 28 1650        15.10      0.04840      0.01810      0.00217      0.00060      0.00013
2011  2 28 1655        16.80      0.08470      0.01910      0.00208      0.00062      0.00015
2011  2 28 1700        13.70      0.09680      0.01710      0.00226      0.00060      0.00016
2011  2 28 1705        16.90      0.06050      0.01770      0.00221      0.00075      0.00014
2011  2 28 1710        15.00      0.06050      0.01710      0.00172      0.00083      0.00012
2011  2 28 1715        16.70      0.04840      0.01950      0.00257      0.00081      0.00016
2011  2 28 1720        15.60      0.08470      0.02010      0.00172      0.00058      0.00016
2011  2 28 1725        16.60      0.06050      0.01790      0.00289      0.00051      0.00014
2011  2 28 1730        14.80      0.15700      0.01750      0.00230      0.00058      0.00017
2011  2 28 1735        14.80      0.08470      0.01550      0.00167      0.00060      0.00015
2011  2 28 1740        15.70      0.06050      0.01280      0.00185      0.00060      0.00017
2011  2 28 1745        15.30      0.13300      0.01790      0.00248      0.00072      0.00018
2011  2 28 1750        14.80      0.09680      0.01280      0.00226      0.00058      0.00015
2011  2 28 1755        14.20      0.15700      0.01950      0.00239      0.00060      0.00014
2011  2 28 1800        13.00      0.08470      0.01810      0.00276      0.00081      0.00014
2011  2 28 1805        11.50      0.10900      0.01400      0.00167      0.00079      0.00019
2011  2 28 1810        11.60      0.09680      0.01460      0.00181      0.00051      0.00015
2011  2 28 1815        11.80      0.06050      0.01750      0.00239      0.00089      0.00019
2011  2 28 1820        11.40      0.13300      0.01810      0.00212      0.00087      0.00017
2011  2 28 1825        12.50      0.09680      0.02030      0.00248      0.00072      0.00015
2011  2 28 1830        12.50      0.03630      0.01850      0.00248      0.00043      0.00015
2011  2 28 1835        12.70      0.10900      0.02070      0.00280      0.00064      0.00018
2011  2 28 1840        13.40      0.08470      0.01570      0.00230      0.00058      0.00015
2011  2 28 1845        12.20      0.08470      0.01570      0.00203      0.00075      0.00019
 
 
                                      2 hour  Real-time Proton Flux
                                   Proton Flux particles/cm2-s-sr-MeV
 
             ----------------------------------- Protons MeV -----------------------------------
              0.8-4.0        4.0-9.0         40-80          350-420       500-700         >700
                P1             P2             P5              P8            P10            P11
AVERAGE         14.108       0.088708       0.017325       0.002225       0.000666       0.000158 
FLUENCE     2.4379e+06     1.5329e+04     2.9938e+03     3.8455e+02     1.1502e+02     2.7295e+01 
