                                                     Most recent GOES 13 observations
                                              Solar Particle and Electron Flux particles/cm2-s-ster
 
 UT Date   Time       ----------------------------------------------------------------------------------------------------------
  YR MO DA HHMM        P >1        P >5       P >10       P >30        P >50        P >100        E >0.8       E >2.0     E >4.0
            
2011  2 28 1650         8.06        0.154        0.123       0.0788       0.0667       0.0406      13000.0    593.0    -100000.0
2011  2 28 1655         8.67        0.171        0.140       0.0952       0.0832       0.0376      13500.0    625.0    -100000.0
2011  2 28 1700         7.51        0.157        0.126       0.0813       0.0692       0.0431      13000.0    591.0    -100000.0
2011  2 28 1705         8.70        0.142        0.111       0.0665       0.0544       0.0283      13500.0    632.0    -100000.0
2011  2 28 1710         7.99        0.142        0.111       0.0665       0.0544       0.0283      13500.0    600.0    -100000.0
2011  2 28 1715         8.68        0.192        0.161       0.1160       0.0976       0.0416      13200.0    608.0    -100000.0
2011  2 28 1720         8.28        0.216        0.185       0.1400       0.1200       0.0604      13300.0    596.0    -100000.0
2011  2 28 1725         8.67        0.210        0.179       0.0738       0.0617       0.0357      13600.0    607.0    -100000.0
2011  2 28 1730        14.80        0.531        0.243       0.0862       0.0741       0.0481      12900.0    599.0    -100000.0
2011  2 28 1735         7.96        0.164        0.134       0.0887       0.0670       0.0381      12800.0    569.0    -100000.0
2011  2 28 1740         8.25        0.142        0.111       0.0665       0.0544       0.0283      13100.0    592.0    -100000.0
2011  2 28 1745        13.10        0.235        0.114       0.0665       0.0544       0.0283      12800.0    573.0    -100000.0
2011  2 28 1750         7.90        0.142        0.111       0.0665       0.0544       0.0283      12300.0    553.0    -100000.0
2011  2 28 1755        13.90        0.582        0.353       0.1230       0.0991       0.0416      12300.0    535.0    -100000.0
2011  2 28 1800         7.26        0.151        0.120       0.0751       0.0563       0.0283      11700.0    522.0    -100000.0
2011  2 28 1805         8.44        0.193        0.121       0.0685       0.0549       0.0283      11700.0    503.0    -100000.0
2011  2 28 1810         6.74        0.204        0.173       0.0665       0.0544       0.0283      11600.0    496.0    -100000.0
2011  2 28 1815         6.83        0.204        0.173       0.1280       0.1160       0.0902      11600.0    492.0    -100000.0
2011  2 28 1820        10.70        0.235        0.114       0.0665       0.0544       0.0283      11100.0    483.0    -100000.0
2011  2 28 1825         7.13        0.224        0.193       0.1480       0.1240       0.0496      11600.0    491.0    -100000.0
2011  2 28 1830         7.08        0.203        0.172       0.0764       0.0644       0.0315      11500.0    480.0    -100000.0
2011  2 28 1835         8.13        0.285        0.238       0.1580       0.1460       0.1010      11700.0    510.0    -100000.0
2011  2 28 1840         7.41        0.164        0.134       0.0882       0.0593       0.0283      11800.0    499.0    -100000.0
2011  2 28 1845         6.93        0.157        0.127       0.0816       0.0578       0.0283      11800.0    493.0    -100000.0
 
 
                                              Solar Particle and Electron Flux particles/cm2-s-ster
 
                  ----------------------------------------------------------------------------------------------------------------------------
                  P >1        P >5        P >10          P >30           P >50         P >100           E >0.8         E >2.0         E >4.0
            
AVERAGE           8.71          0.217          0.157         0.0905         0.0749         0.0404        12454.2          551.8      -100000.0 
FLUENCE     1.5057e+06     3.7440e+04     2.7122e+04     1.5641e+04     1.2946e+04     6.9869e+03     2.1521e+09     9.5342e+07    -1.7280e+10 
