2011 02 28  1650   55620  60600   8.06e+00  1.54e-01  1.23e-01  7.88e-02  6.67e-02  4.06e-02  1.30e+04  5.93e+02 -1.00e+05
2011 02 28  1655   55620  60900   8.67e+00  1.71e-01  1.40e-01  9.52e-02  8.32e-02  3.76e-02  1.35e+04  6.25e+02 -1.00e+05
2011 02 28  1700   55620  61200   7.51e+00  1.57e-01  1.26e-01  8.13e-02  6.92e-02  4.31e-02  1.30e+04  5.91e+02 -1.00e+05
2011 02 28  1705   55620  61500   8.70e+00  1.42e-01  1.11e-01  6.65e-02  5.44e-02  2.83e-02  1.35e+04  6.32e+02 -1.00e+05
2011 02 28  1710   55620  61800   7.99e+00  1.42e-01  1.11e-01  6.65e-02  5.44e-02  2.83e-02  1.35e+04  6.00e+02 -1.00e+05
2011 02 28  1715   55620  62100   8.68e+00  1.92e-01  1.61e-01  1.16e-01  9.76e-02  4.16e-02  1.32e+04  6.08e+02 -1.00e+05
2011 02 28  1720   55620  62400   8.28e+00  2.16e-01  1.85e-01  1.40e-01  1.20e-01  6.04e-02  1.33e+04  5.96e+02 -1.00e+05
2011 02 28  1725   55620  62700   8.67e+00  2.10e-01  1.79e-01  7.38e-02  6.17e-02  3.57e-02  1.36e+04  6.07e+02 -1.00e+05
2011 02 28  1730   55620  63000   1.48e+01  5.31e-01  2.43e-01  8.62e-02  7.41e-02  4.81e-02  1.29e+04  5.99e+02 -1.00e+05
2011 02 28  1735   55620  63300   7.96e+00  1.64e-01  1.34e-01  8.87e-02  6.70e-02  3.81e-02  1.28e+04  5.69e+02 -1.00e+05
2011 02 28  1740   55620  63600   8.25e+00  1.42e-01  1.11e-01  6.65e-02  5.44e-02  2.83e-02  1.31e+04  5.92e+02 -1.00e+05
2011 02 28  1745   55620  63900   1.31e+01  2.35e-01  1.14e-01  6.65e-02  5.44e-02  2.83e-02  1.28e+04  5.73e+02 -1.00e+05
2011 02 28  1750   55620  64200   7.90e+00  1.42e-01  1.11e-01  6.65e-02  5.44e-02  2.83e-02  1.23e+04  5.53e+02 -1.00e+05
2011 02 28  1755   55620  64500   1.39e+01  5.82e-01  3.53e-01  1.23e-01  9.91e-02  4.16e-02  1.23e+04  5.35e+02 -1.00e+05
2011 02 28  1800   55620  64800   7.26e+00  1.51e-01  1.20e-01  7.51e-02  5.63e-02  2.83e-02  1.17e+04  5.22e+02 -1.00e+05
2011 02 28  1805   55620  65100   8.44e+00  1.93e-01  1.21e-01  6.85e-02  5.49e-02  2.83e-02  1.17e+04  5.03e+02 -1.00e+05
2011 02 28  1810   55620  65400   6.74e+00  2.04e-01  1.73e-01  6.65e-02  5.44e-02  2.83e-02  1.16e+04  4.96e+02 -1.00e+05
2011 02 28  1815   55620  65700   6.83e+00  2.04e-01  1.73e-01  1.28e-01  1.16e-01  9.02e-02  1.16e+04  4.92e+02 -1.00e+05
2011 02 28  1820   55620  66000   1.07e+01  2.35e-01  1.14e-01  6.65e-02  5.44e-02  2.83e-02  1.11e+04  4.83e+02 -1.00e+05
2011 02 28  1825   55620  66300   7.13e+00  2.24e-01  1.93e-01  1.48e-01  1.24e-01  4.96e-02  1.16e+04  4.91e+02 -1.00e+05
2011 02 28  1830   55620  66600   7.08e+00  2.03e-01  1.72e-01  7.64e-02  6.44e-02  3.15e-02  1.15e+04  4.80e+02 -1.00e+05
2011 02 28  1835   55620  66900   8.13e+00  2.85e-01  2.38e-01  1.58e-01  1.46e-01  1.01e-01  1.17e+04  5.10e+02 -1.00e+05
2011 02 28  1840   55620  67200   7.41e+00  1.64e-01  1.34e-01  8.82e-02  5.93e-02  2.83e-02  1.18e+04  4.99e+02 -1.00e+05
2011 02 28  1845   55620  67500   6.93e+00  1.57e-01  1.27e-01  8.16e-02  5.78e-02  2.83e-02  1.18e+04  4.93e+02 -1.00e+05
