2011 02 28  1650   55620  60600  1.51e+01  4.84e-02  4.69e-02  1.38e-02  1.81e-02  5.96e-03  3.02e-03  2.17e-03  1.31e-03  6.02e-04  1.32e-04
2011 02 28  1655   55620  60900  1.68e+01  8.47e-02  4.69e-02  1.38e-02  1.91e-02  4.88e-03  2.50e-03  2.08e-03  1.36e-03  6.21e-04  1.54e-04
2011 02 28  1700   55620  61200  1.37e+01  9.68e-02  4.69e-02  1.45e-02  1.71e-02  6.00e-03  2.55e-03  2.26e-03  1.04e-03  6.02e-04  1.62e-04
2011 02 28  1705   55620  61500  1.69e+01  6.05e-02  2.81e-02  1.38e-02  1.77e-02  5.56e-03  2.72e-03  2.21e-03  8.13e-04  7.53e-04  1.42e-04
2011 02 28  1710   55620  61800  1.50e+01  6.05e-02  4.69e-02  1.45e-02  1.71e-02  4.84e-03  2.73e-03  1.72e-03  1.31e-03  8.28e-04  1.21e-04
2011 02 28  1715   55620  62100  1.67e+01  4.84e-02  4.69e-02  2.17e-02  1.95e-02  5.08e-03  2.53e-03  2.57e-03  1.17e-03  8.09e-04  1.62e-04
2011 02 28  1720   55620  62400  1.56e+01  8.47e-02  5.63e-02  2.23e-02  2.01e-02  6.03e-03  2.88e-03  1.72e-03  1.63e-03  5.83e-04  1.56e-04
2011 02 28  1725   55620  62700  1.66e+01  6.05e-02  5.63e-02  1.25e-02  1.79e-02  5.89e-03  2.47e-03  2.89e-03  1.31e-03  5.08e-04  1.36e-04
2011 02 28  1730   55620  63000  1.48e+01  1.57e-01  8.44e-02  1.31e-02  1.75e-02  6.06e-03  2.38e-03  2.30e-03  1.04e-03  5.83e-04  1.73e-04
2011 02 28  1735   55620  63300  1.48e+01  8.47e-02  4.69e-02  2.23e-02  1.55e-02  5.93e-03  2.56e-03  1.67e-03  8.13e-04  6.02e-04  1.52e-04
2011 02 28  1740   55620  63600  1.57e+01  6.05e-02  9.38e-03  1.97e-02  1.28e-02  5.72e-03  2.64e-03  1.85e-03  1.40e-03  6.02e-04  1.73e-04
2011 02 28  1745   55620  63900  1.53e+01  1.33e-01  4.69e-02  1.45e-02  1.79e-02  5.52e-03  2.53e-03  2.48e-03  1.22e-03  7.15e-04  1.79e-04
2011 02 28  1750   55620  64200  1.48e+01  9.68e-02  1.88e-02  1.84e-02  1.28e-02  5.69e-03  2.66e-03  2.26e-03  1.08e-03  5.83e-04  1.54e-04
2011 02 28  1755   55620  64500  1.42e+01  1.57e-01  7.50e-02  2.23e-02  1.95e-02  5.22e-03  2.59e-03  2.39e-03  9.94e-04  6.02e-04  1.42e-04
2011 02 28  1800   55620  64800  1.30e+01  8.47e-02  2.81e-02  2.17e-02  1.81e-02  5.01e-03  2.49e-03  2.76e-03  1.26e-03  8.09e-04  1.42e-04
2011 02 28  1805   55620  65100  1.15e+01  1.09e-01  4.69e-02  2.10e-02  1.40e-02  4.74e-03  2.80e-03  1.67e-03  1.13e-03  7.90e-04  1.87e-04
2011 02 28  1810   55620  65400  1.16e+01  9.68e-02  5.63e-02  1.38e-02  1.46e-02  5.39e-03  2.86e-03  1.81e-03  1.13e-03  5.08e-04  1.46e-04
2011 02 28  1815   55620  65700  1.18e+01  6.05e-02  3.75e-02  1.71e-02  1.75e-02  6.64e-03  3.25e-03  2.39e-03  1.26e-03  8.85e-04  1.95e-04
2011 02 28  1820   55620  66000  1.14e+01  1.33e-01  4.69e-02  1.58e-02  1.81e-02  5.45e-03  2.63e-03  2.12e-03  1.22e-03  8.66e-04  1.69e-04
2011 02 28  1825   55620  66300  1.25e+01  9.68e-02  1.88e-02  2.23e-02  2.03e-02  5.18e-03  2.64e-03  2.48e-03  1.08e-03  7.15e-04  1.48e-04
2011 02 28  1830   55620  66600  1.25e+01  3.63e-02  8.44e-02  1.91e-02  1.85e-02  5.15e-03  2.65e-03  2.48e-03  1.36e-03  4.33e-04  1.50e-04
2011 02 28  1835   55620  66900  1.27e+01  1.09e-01  7.50e-02  2.10e-02  2.07e-02  6.67e-03  2.79e-03  2.80e-03  9.49e-04  6.40e-04  1.79e-04
2011 02 28  1840   55620  67200  1.34e+01  8.47e-02  2.81e-02  2.30e-02  1.57e-02  5.39e-03  2.31e-03  2.30e-03  1.40e-03  5.83e-04  1.48e-04
2011 02 28  1845   55620  67500  1.22e+01  8.47e-02  3.75e-02  2.23e-02  1.57e-02  5.32e-03  2.71e-03  2.03e-03  1.22e-03  7.53e-04  1.89e-04
