                                      Most recent GOES 15 observations
                                    Proton Flux particles/cm2-s-ster-MeV
 
 UT Date   Time     ----------------------------- Protons MeV -------------------------------
  YR MO DA HHMM      0.8-4.0      4.0-9.0       40-80       350-420      500-700       >700
                        P1          P2           P5           P8           P10          P11
2011  2 28 1650        13.00      0.15700      0.01530      0.00280      0.00109      0.00016
2011  2 28 1655        15.90      0.06050      0.01570      0.00339      0.00100      0.00016
2011  2 28 1700        14.50      0.12100      0.01460      0.00294      0.00077      0.00013
2011  2 28 1705        14.80      0.04840      0.01220      0.00248      0.00092      0.00013
2011  2 28 1710        15.40      0.13300      0.01420      0.00289      0.00089      0.00013
2011  2 28 1715        16.60      0.09680      0.01650      0.00312      0.00056      0.00015
2011  2 28 1720        16.30      0.12100      0.01710      0.00276      0.00075      0.00016
2011  2 28 1725        17.10      0.06050      0.01630      0.00271      0.00079      0.00015
2011  2 28 1730        15.20      0.06050      0.01590      0.00239      0.00081      0.00011
2011  2 28 1735        15.60      0.01210      0.01830      0.00217      0.00083      0.00015
2011  2 28 1740        16.50      0.03630      0.01630      0.00276      0.00117      0.00013
2011  2 28 1745        16.70      0.07260      0.01320      0.00321      0.00089      0.00016
2011  2 28 1750        17.30      0.14500      0.01550      0.00271      0.00079      0.00014
2011  2 28 1755        18.50      0.04840      0.01490      0.00235      0.00104      0.00014
2011  2 28 1800        16.40      0.04840      0.01650      0.00239      0.00085      0.00017
2011  2 28 1805        14.20      0.16900      0.01480      0.00244      0.00072      0.00017
2011  2 28 1810        14.60      0.06050      0.01670      0.00266      0.00058      0.00013
2011  2 28 1815        13.80      0.06050      0.01850      0.00307      0.00122      0.00012
2011  2 28 1820        15.10      0.07260      0.01590      0.00285      0.00092      0.00014
2011  2 28 1825        15.80      0.10900      0.01550      0.00235      0.00085      0.00015
2011  2 28 1830        17.60      0.13300      0.01440      0.00289      0.00083      0.00012
2011  2 28 1835        16.70      0.13300      0.01340      0.00298      0.00049      0.00013
2011  2 28 1840        17.90      0.08470      0.01610      0.00289      0.00117      0.00014
2011  2 28 1845        17.50      0.06050      0.01510      0.00330      0.00109      0.00014
 
 
                                      2 hour  Real-time Proton Flux
                                   Proton Flux particles/cm2-s-sr-MeV
 
             ----------------------------------- Protons MeV -----------------------------------
              0.8-4.0        4.0-9.0         40-80          350-420       500-700         >700
                P1             P2             P5              P8            P10            P11
AVERAGE         15.958       0.087679       0.015538       0.002771       0.000875       0.000142 
FLUENCE     2.7576e+06     1.5151e+04     2.6849e+03     4.7880e+02     1.5125e+02     2.4502e+01 
