:Data_list: Gs_pchan_5m.txt
:Created: 2011 Feb 28 1851 UTC
# Prepared by the U.S. Dept. of Commerce, NOAA, Space Weather Prediction Center
# Please send comments and suggestions to SWPC.Webmaster@noaa.gov 
# 
# Label: P1 = Protons from 0.7 -   4 MeV units #/cm2-s-sr-MeV
# Label: P2 = Protons from   4 -   9 MeV units #/cm2-s-sr-MeV
# Label: P3 = Protons from   9 -  15 MeV units #/cm2-s-sr-MeV
# Label: P4 = Protons from  15 -  40 MeV units #/cm2-s-sr-MeV
# Label: P5 = Protons from  38 -  82 MeV units #/cm2-s-sr-MeV
# Label: P6 = Protons from  84 - 200 MeV units #/cm2-s-sr-MeV
# Label: P7 = Protons from 110 - 900 MeV units #/cm2-s-sr-MeV
# Label: P8 = Protons from 350 - 420 MeV units #/cm2-s-sr-MeV
# Label: P9 = Protons from 420 - 510 MeV units #/cm2-s-sr-MeV
# Label: P10= Protons from 510 - 700 MeV units #/cm2-s-sr-MeV
# Label: P11= Protons from      >700 MeV units #/cm2-s-sr-MeV
# Source: GOES-15
# Location: W089
# Missing data: -1.00e+05
#
#                                        5-minute  GOES-15 Energetic Proton Flux Channels
#
#                 Modified Seconds
# UTC Date  Time   Julian  of the
# YR MO DA  HHMM    Day     Day      P1        P2        P3        P4        P5        P6        P7        P8        P9       P10       P11
#---------------------------------------------------------------------------------------------------------------------------------------------
2011 02 28  1650   55620  60600  1.30e+01  1.57e-01  6.57e-02  2.23e-02  1.53e-02  5.52e-03  2.57e-03  2.80e-03  1.63e-03  1.09e-03  1.56e-04
2011 02 28  1655   55620  60900  1.59e+01  6.05e-02  6.57e-02  1.77e-02  1.57e-02  5.22e-03  2.49e-03  3.39e-03  1.85e-03  9.97e-04  1.60e-04
2011 02 28  1700   55620  61200  1.45e+01  1.21e-01  2.81e-02  2.50e-02  1.46e-02  5.15e-03  2.60e-03  2.94e-03  1.76e-03  7.72e-04  1.29e-04
2011 02 28  1705   55620  61500  1.48e+01  4.84e-02  4.69e-02  1.45e-02  1.22e-02  5.08e-03  2.85e-03  2.48e-03  1.36e-03  9.22e-04  1.32e-04
2011 02 28  1710   55620  61800  1.54e+01  1.33e-01  4.69e-02  2.30e-02  1.42e-02  5.28e-03  2.78e-03  2.89e-03  1.40e-03  8.85e-04  1.32e-04
2011 02 28  1715   55620  62100  1.66e+01  9.68e-02  4.69e-02  2.23e-02  1.65e-02  5.05e-03  2.51e-03  3.12e-03  1.49e-03  5.65e-04  1.50e-04
2011 02 28  1720   55620  62400  1.63e+01  1.21e-01  1.88e-02  1.97e-02  1.71e-02  5.35e-03  2.86e-03  2.76e-03  1.67e-03  7.53e-04  1.60e-04
2011 02 28  1725   55620  62700  1.71e+01  6.05e-02  6.57e-02  1.58e-02  1.63e-02  5.83e-03  2.66e-03  2.71e-03  1.31e-03  7.90e-04  1.50e-04
2011 02 28  1730   55620  63000  1.52e+01  6.05e-02  9.38e-03  2.63e-02  1.59e-02  5.08e-03  2.74e-03  2.39e-03  1.40e-03  8.09e-04  1.11e-04
2011 02 28  1735   55620  63300  1.56e+01  1.21e-02  9.38e-03  2.23e-02  1.83e-02  4.84e-03  2.56e-03  2.17e-03  1.13e-03  8.28e-04  1.48e-04
2011 02 28  1740   55620  63600  1.65e+01  3.63e-02  7.50e-02  2.23e-02  1.63e-02  4.95e-03  2.78e-03  2.76e-03  1.49e-03  1.17e-03  1.29e-04
2011 02 28  1745   55620  63900  1.67e+01  7.26e-02  9.38e-02  2.43e-02  1.32e-02  5.42e-03  2.61e-03  3.21e-03  1.36e-03  8.85e-04  1.58e-04
2011 02 28  1750   55620  64200  1.73e+01  1.45e-01  3.75e-02  2.17e-02  1.55e-02  5.66e-03  2.66e-03  2.71e-03  1.85e-03  7.90e-04  1.42e-04
2011 02 28  1755   55620  64500  1.85e+01  4.84e-02  3.75e-02  1.71e-02  1.49e-02  5.08e-03  2.66e-03  2.35e-03  1.72e-03  1.04e-03  1.36e-04
2011 02 28  1800   55620  64800  1.64e+01  4.84e-02  1.88e-02  1.58e-02  1.65e-02  5.93e-03  2.12e-03  2.39e-03  9.03e-04  8.47e-04  1.66e-04
2011 02 28  1805   55620  65100  1.42e+01  1.69e-01  4.69e-02  1.12e-02  1.48e-02  4.91e-03  2.46e-03  2.44e-03  1.63e-03  7.15e-04  1.73e-04
2011 02 28  1810   55620  65400  1.46e+01  6.05e-02  4.69e-02  1.84e-02  1.67e-02  5.56e-03  2.80e-03  2.66e-03  1.17e-03  5.83e-04  1.34e-04
2011 02 28  1815   55620  65700  1.38e+01  6.05e-02  6.57e-02  2.17e-02  1.85e-02  4.81e-03  2.77e-03  3.07e-03  1.31e-03  1.22e-03  1.19e-04
2011 02 28  1820   55620  66000  1.51e+01  7.26e-02  2.81e-02  1.91e-02  1.59e-02  5.35e-03  2.73e-03  2.85e-03  1.36e-03  9.22e-04  1.40e-04
2011 02 28  1825   55620  66300  1.58e+01  1.09e-01  4.69e-02  2.43e-02  1.55e-02  4.54e-03  2.64e-03  2.35e-03  1.85e-03  8.47e-04  1.54e-04
2011 02 28  1830   55620  66600  1.76e+01  1.33e-01  2.81e-02  1.64e-02  1.44e-02  6.06e-03  2.98e-03  2.89e-03  1.40e-03  8.28e-04  1.15e-04
2011 02 28  1835   55620  66900  1.67e+01  1.33e-01  5.63e-02  2.04e-02  1.34e-02  4.40e-03  2.86e-03  2.98e-03  1.31e-03  4.89e-04  1.31e-04
2011 02 28  1840   55620  67200  1.79e+01  8.47e-02  2.81e-02  2.76e-02  1.61e-02  4.57e-03  2.52e-03  2.89e-03  1.45e-03  1.17e-03  1.40e-04
2011 02 28  1845   55620  67500  1.75e+01  6.05e-02  5.63e-02  1.84e-02  1.51e-02  4.78e-03  2.83e-03  3.30e-03  1.76e-03  1.09e-03  1.38e-04
