2024 01 19  1650   60328   60600  0  2.38e+03  1.54e+01  0  5.10e+03  1.29e+01  1.55e+00  3.68e-01  7.50e-02  -1.00
2024 01 19  1655   60328   60900  0  1.78e+03  1.02e+01  0  5.01e+03  1.10e+01  1.27e+00  2.14e-01  5.17e-02  -1.00
2024 01 19  1700   60328   61200  0  1.96e+03  1.53e+01  0  4.92e+03  1.34e+01  1.01e+00  2.20e-01  8.22e-02  -1.00
2024 01 19  1705   60328   61500  0  2.07e+03  1.34e+01  0  4.96e+03  1.31e+01  1.35e+00  2.22e-01  1.12e-01  -1.00
2024 01 19  1710   60328   61800  0  2.28e+03  1.45e+01  0  5.05e+03  1.32e+01  1.77e+00  3.19e-01  1.66e-01  -1.00
2024 01 19  1715   60328   62100  0  1.97e+03  1.34e+01  0  5.12e+03  1.44e+01  8.41e-01  2.14e-01  1.18e-01  -1.00
2024 01 19  1720   60328   62400  0  1.85e+03  1.53e+01  0  4.71e+03  1.21e+01  1.31e+00  3.98e-01  6.56e-02  -1.00
2024 01 19  1725   60328   62700  0  1.73e+03  1.10e+01  0  5.06e+03  1.48e+01  1.48e+00  2.02e-01  1.64e-01  -1.00
2024 01 19  1730   60328   63000  0  1.53e+03  1.35e+01  0  5.09e+03  1.25e+01  1.79e+00  2.15e-01  3.07e-02  -1.00
2024 01 19  1735   60328   63300  0  1.61e+03  1.39e+01  0  4.88e+03  1.18e+01  1.52e+00  3.70e-01  7.46e-02  -1.00
2024 01 19  1740   60328   63600  0  1.98e+03  1.38e+01  0  5.04e+03  1.15e+01  1.43e+00  4.13e-01  7.82e-02  -1.00
2024 01 19  1745   60328   63900  0  1.84e+03  1.46e+01  0  5.05e+03  1.30e+01  1.35e+00  1.87e-01  6.46e-02  -1.00
2024 01 19  1750   60328   64200  0  1.80e+03  1.12e+01  0  4.96e+03  1.51e+01  1.23e+00  2.68e-01  1.31e-01  -1.00
2024 01 19  1755   60328   64500  0  1.70e+03  1.45e+01  0  4.76e+03  1.15e+01  1.53e+00  2.52e-01  8.59e-02  -1.00
2024 01 19  1800   60328   64800  0  2.01e+03  1.12e+01  0  5.23e+03  1.42e+01  1.82e+00  2.27e-01  7.96e-02  -1.00
2024 01 19  1805   60328   65100  0  1.76e+03  1.32e+01  0  5.06e+03  1.29e+01  1.02e+00  1.92e-01  1.08e-01  -1.00
2024 01 19  1810   60328   65400  0  1.84e+03  1.34e+01  0  4.89e+03  1.32e+01  1.38e+00  2.78e-01  8.85e-02  -1.00
2024 01 19  1815   60328   65700  0  2.41e+03  1.46e+01  0  5.11e+03  1.06e+01  1.45e+00  2.55e-01  4.81e-02  -1.00
2024 01 19  1820   60328   66000  0  1.90e+03  1.19e+01  0  4.98e+03  1.10e+01  9.63e-01  2.79e-01  8.47e-02  -1.00
2024 01 19  1825   60328   66300  0  2.08e+03  1.64e+01  0  5.02e+03  1.19e+01  1.05e+00  4.43e-01  8.34e-02  -1.00
2024 01 19  1830   60328   66600  0  2.27e+03  1.51e+01  0  4.72e+03  1.15e+01  1.49e+00  3.45e-01  1.55e-01  -1.00
2024 01 19  1835   60328   66900  0  2.08e+03  1.24e+01  0  5.10e+03  1.09e+01  1.13e+00  1.86e-01  6.21e-02  -1.00
2024 01 19  1840   60328   67200  0  2.10e+03  1.47e+01  0  5.07e+03  1.19e+01  1.24e+00  2.38e-01  7.47e-02  -1.00
2024 01 19  1845   60328   67500  0  2.06e+03  1.61e+01  0  4.73e+03  1.30e+01  1.52e+00  3.28e-01  7.52e-02  -1.00
