:Data_list: ace_epam_5m.txt
:Created: 2018 Nov 29 1801 UT
# Prepared by the U.S. Dept. of Commerce, NOAA, Space Weather Prediction Center
# Please send comments and suggestions to SWPC.Webmaster@noaa.gov 
# 
# Units: Differential Flux particles/cm2-s-ster-MeV
# Units: Anisotropy Index 0.0 - 2.0
# Status(S): 0 = nominal, 4,6,7,8 = bad data, unable to process, 9 = no data
# Missing data values: -1.00e+05, index = -1.00
# Source: ACE Satellite - Electron, Proton, and Alpha Monitor
#
#
#                      5-minute averaged Real-time Differential Electron and Proton Flux 
# 
#                Modified Seconds ---------------------------- Differential Flux ---------------------------
# UT Date   Time  Julian  of the  ----- Electron -----   ------------------- Protons keV -------------------   Anis.
# YR MO DA  HHMM    Day    Day    S    38-53   175-315   S    47-68   115-195   310-580   795-1193 1060-1900   Index
#-------------------------------------------------------------------------------------------------------------------
2018 11 29  1600   58451   57600  0  1.06e+03  2.77e+01  0  3.50e+03  2.24e+01  2.40e+00  7.57e-01  1.74e-01  -1.00
2018 11 29  1605   58451   57900  0  1.03e+03  2.97e+01  0  3.72e+03  1.81e+01  2.64e+00  6.15e-01  1.65e-01  -1.00
2018 11 29  1610   58451   58200  0  9.75e+02  3.16e+01  0  3.63e+03  1.97e+01  2.58e+00  7.28e-01  2.02e-01  -1.00
2018 11 29  1615   58451   58500  0  9.03e+02  3.09e+01  0  3.38e+03  1.82e+01  2.62e+00  7.31e-01  1.58e-01  -1.00
2018 11 29  1620   58451   58800  0  1.15e+03  2.65e+01  0  3.61e+03  1.86e+01  2.73e+00  7.48e-01  2.20e-01  -1.00
2018 11 29  1625   58451   59100  0  9.58e+02  3.00e+01  0  3.67e+03  1.88e+01  2.40e+00  5.93e-01  1.37e-01  -1.00
2018 11 29  1630   58451   59400  0  9.18e+02  2.91e+01  0  3.51e+03  2.01e+01  2.65e+00  6.31e-01  1.43e-01  -1.00
2018 11 29  1635   58451   59700  0  1.02e+03  3.42e+01  0  3.56e+03  2.00e+01  2.52e+00  7.45e-01  1.78e-01  -1.00
2018 11 29  1640   58451   60000  0  9.51e+02  2.70e+01  0  3.66e+03  2.13e+01  2.54e+00  5.38e-01  1.74e-01  -1.00
2018 11 29  1645   58451   60300  0  8.66e+02  3.12e+01  0  3.63e+03  1.83e+01  2.72e+00  6.87e-01  1.31e-01  -1.00
2018 11 29  1650   58451   60600  0  9.04e+02  2.70e+01  0  3.48e+03  2.15e+01  2.64e+00  7.07e-01  1.76e-01  -1.00
2018 11 29  1655   58451   60900  0  1.08e+03  3.30e+01  0  3.71e+03  2.12e+01  2.20e+00  8.04e-01  2.39e-01  -1.00
2018 11 29  1700   58451   61200  0  8.35e+02  3.22e+01  0  3.72e+03  2.02e+01  2.73e+00  6.54e-01  2.17e-01  -1.00
2018 11 29  1705   58451   61500  0  8.72e+02  3.06e+01  0  3.55e+03  1.90e+01  2.89e+00  7.13e-01  1.43e-01  -1.00
2018 11 29  1710   58451   61800  0  1.14e+03  3.02e+01  0  3.58e+03  2.07e+01  2.90e+00  6.21e-01  1.71e-01  -1.00
2018 11 29  1715   58451   62100  0  7.91e+02  2.77e+01  0  3.58e+03  2.20e+01  2.94e+00  6.18e-01  1.74e-01  -1.00
2018 11 29  1720   58451   62400  0  8.95e+02  3.11e+01  0  3.59e+03  2.00e+01  2.08e+00  6.05e-01  1.53e-01  -1.00
2018 11 29  1725   58451   62700  0  9.59e+02  2.54e+01  0  3.47e+03  2.06e+01  2.11e+00  4.68e-01  2.12e-01  -1.00
2018 11 29  1730   58451   63000  0  9.53e+02  2.95e+01  0  3.71e+03  1.96e+01  2.76e+00  6.88e-01  1.74e-01  -1.00
2018 11 29  1735   58451   63300  0  8.92e+02  3.10e+01  0  3.64e+03  1.82e+01  2.54e+00  6.69e-01  2.08e-01  -1.00
2018 11 29  1740   58451   63600  0  8.97e+02  2.95e+01  0  3.43e+03  1.91e+01  2.71e+00  8.02e-01  1.12e-01  -1.00
2018 11 29  1745   58451   63900  0  1.00e+03  2.86e+01  0  3.60e+03  1.80e+01  2.08e+00  6.07e-01  2.11e-01  -1.00
2018 11 29  1750   58451   64200  0  8.18e+02  2.82e+01  0  3.66e+03  2.12e+01  3.03e+00  6.47e-01  1.54e-01  -1.00
2018 11 29  1755   58451   64500  0  7.59e+02  2.91e+01  0  3.60e+03  2.14e+01  2.44e+00  6.20e-01  2.25e-01  -1.00
