2018 06 21  1300    2018 06 21  1359     0.33    2018 06 21  1659     0.00       1.33
2018 06 21  1315    2018 06 21  1415     0.33    2018 06 21  1715     0.00       1.33
2018 06 21  1330    2018 06 21  1430     0.33    2018 06 21  1730     0.00       1.33
2018 06 21  1345    2018 06 21  1444     0.67    2018 06 21  1744     0.00       1.33
2018 06 21  1400    2018 06 21  1500     0.67    2018 06 21  1800     0.00       1.33
2018 06 21  1415    2018 06 21  1515     0.67    2018 06 21  1815     0.00       1.33
2018 06 21  1430    2018 06 21  1529     0.67    2018 06 21  1829     0.00       1.33
2018 06 21  1445    2018 06 21  1545     0.33    2018 06 21  1845     0.00       1.33
2018 06 21  1500    2018 06 21  1600     0.33    2018 06 21  1900     0.00       1.33
2018 06 21  1515    2018 06 21  1614     0.33    2018 06 21  1914     0.00       1.33
2018 06 21  1530    2018 06 21  1630     0.33    2018 06 21  1930     0.00       1.33
2018 06 21  1545    2018 06 21  1645     0.00    2018 06 21  1945     0.00       1.33
