                            15-minute Wing Kp Geomagnetic Activity Index
 
                                           1-hour
 UT Date   Time         -Predicted Time-  Predicted  Lead-time  USAF Est.
  YR MO DA  HHMM   S     YR MO DA  HHMMSS    Index    in Minutes     Kp 
-------------------------------------------------------------------------
2018  6 21 1300    6 21 1359      0    2018.000       6.000       0.000
2018  6 21 1315    6 21 1415      0    2018.000       6.000       0.000
2018  6 21 1330    6 21 1430      0    2018.000       6.000       0.000
2018  6 21 1345    6 21 1444      0    2018.000       6.000       0.000
2018  6 21 1400    6 21 1500      0    2018.000       6.000       0.000
2018  6 21 1415    6 21 1515      0    2018.000       6.000       0.000
2018  6 21 1430    6 21 1529      0    2018.000       6.000       0.000
2018  6 21 1445    6 21 1545      0    2018.000       6.000       0.000
2018  6 21 1500    6 21 1600      0    2018.000       6.000       0.000
2018  6 21 1515    6 21 1614      0    2018.000       6.000       0.000
2018  6 21 1530    6 21 1630      0    2018.000       6.000       0.000
2018  6 21 1545    6 21 1645      0    2018.000       6.000       0.000
 
 
 
 
  MINIMUM LEAD TIME:        1000.00  
    WING KP MAXIMUM:           0.00  
       USAF MAXIMUM:           0.00  
