   693183228     -32506.6     -63049.6     -47342.7
   693183528     -32710.2     -60312.2     -49855.8
   693183828     -32912.0     -57389.4     -52308.5
   693184128     -33111.7     -54284.8     -54676.2
   693184428     -33309.5     -51005.7     -56932.6
   693184728     -33505.3     -47564.9     -59051.8
   693185028     -33699.0     -43979.8     -61007.9
   693185328     -33890.6     -40273.0     -62777.5
   693185628     -34079.9     -36470.9     -64339.6
   693185928     -34267.1     -32604.0     -65677.6
   693186228     -34451.9     -28704.9     -66779.8
   693186528     -34634.4     -24807.2     -67639.9
   693186828     -34814.5     -20944.6     -68257.2
   693187128     -34992.1     -17148.7     -68636.1
   693187428     -35167.2     -13448.7     -68786.2
   693187728     -35339.8     -9870.21     -68720.7
   693188028     -35509.6     -6434.37     -68456.4
   693188328     -35676.8     -3158.05     -68011.7
   693188628     -35841.2     -53.6050     -67406.5
   693188928     -36002.7      2870.81     -66661.1
   693189228     -36161.2      5610.81     -65795.0
   693189528     -36316.8      8165.29     -64826.9
   693189828     -36469.3      10535.9     -63774.5
   693190128     -36618.6      12726.6     -62653.6
   693190428     -36764.7      14742.7     -61478.7
   693190728     -36907.4      16591.1     -60262.2
   693191028     -37046.7      18279.4     -59015.3
   693191328     -37182.5      19815.5     -57747.5
   693191628     -37314.7      21207.7     -56466.5
   693191928     -37443.1      22464.4     -55179.4
   693192228     -37567.7      23593.9     -53891.9
   693192528     -37688.4      24603.9     -52608.3
   693192828     -37805.0      25502.1     -51332.7
   693193128     -37917.5      26295.7     -50067.9
   693193428     -38025.7      26991.4     -48816.3
   693193728     -38129.6      27595.7     -47579.8
   693194028     -38228.9      28114.5     -46360.0
   693194328     -38323.5      28553.3     -45157.7
   693194628     -38413.4      28917.3     -43973.8
   693194928     -38498.3      29211.1     -42808.6
   693195228     -38578.1      29439.2     -41662.6
   693195528     -38652.6      29605.7     -40535.8
   693195828     -38721.8      29714.0     -39428.0
   693196128     -38785.3      29767.9     -38339.4
   693196428     -38843.1      29770.1     -37269.4
   693196728     -38895.0      29723.8     -36218.1
   693197028     -38940.7      29631.5     -35184.8
   693197328     -38980.0      29495.4     -34169.1
   693197628     -39012.9      29318.1     -33170.9
   693197928     -39038.9      29101.4     -32189.6
   693198228     -39058.0      28847.2     -31224.8
   693198528     -39069.8      28557.3     -30276.1
   693198828     -39074.1      28233.3     -29343.1
   693199128     -39070.6      27876.4     -28425.2
   693199428     -39059.2      27488.1     -27522.2
   693199728     -39039.4      27069.6     -26633.6
   693200028     -39011.0      26622.1     -25759.1
   693200328     -38973.6      26146.3     -24898.2
   693200628     -38927.0      25643.3     -24050.6
   693200928     -38870.7      25114.2     -23216.0
   693201228     -38804.4      24559.3     -22394.0
   693201528     -38727.8      23980.1     -21584.6
   693201828     -38640.3      23376.4     -20787.2
   693202128     -38541.7      22749.5     -20001.7
   693202428     -38431.3      22099.5     -19227.8
   693202728     -38308.7      21427.2     -18465.4
   693203028     -38173.5      20732.8     -17714.1
   693203328     -38025.1      20017.4     -16974.1
   693203628     -37862.8      19280.5     -16244.9
   693203928     -37686.2      18523.1     -15526.5
   693204228     -37494.6      17745.4     -14818.9
   693204528     -37287.3      16947.8     -14121.9
   693204828     -37063.6      16131.0     -13435.8
   693205128     -36822.8      15294.8     -12760.1
   693205428     -36564.0      14439.6     -12095.0
   693205728     -36286.4      13566.0     -11440.5
   693206028     -35989.2      12674.2     -10796.8
   693206328     -35671.2      11764.4     -10163.8
   693206628     -35331.6      10837.2     -9541.72
   693206928     -34969.2      9892.89     -8930.65
   693207228     -34583.1      8932.07     -8330.82
   693207528     -34171.7      7954.82     -7742.30
   693207828     -33734.0      6962.02     -7165.48
   693208128     -33268.6      5954.36     -6600.68
   693208428     -32774.0      4932.06     -6048.00
   693208728     -32248.8      3896.32     -5508.01
   693209028     -31691.2      2847.63     -4980.91
   693209328     -31099.7      1787.29     -4467.32
   693209628     -30472.4      716.171     -3967.56
   693209928     -29807.6     -364.334     -3482.24
   693210228     -29103.2     -1452.73     -3011.91
   693210528     -28357.4     -2547.18     -2557.25
   693210828     -27568.0     -3646.06     -2118.85
   693211128     -26733.1     -4746.75     -1697.55
   693211428     -25850.7     -5846.88     -1294.06
   693211728     -24918.8     -6943.36     -909.327
   693212028     -23935.5     -8033.11     -544.099
   693212328     -22899.0     -9112.28     -199.415
   693212628     -21807.5     -10177.2      124.001
   693212928     -20660.0     -11223.0      425.016
   693213228     -19455.5     -12244.9      702.754
   693213528     -18193.9     -13237.3      956.166
   693213828     -16875.3     -14194.6      1184.42
   693214128     -15500.3     -15111.1      1386.80
   693214428     -14071.2     -15980.4      1562.53
   693214728     -12590.5     -16796.6      1711.08
   693215028     -11061.4     -17553.8      1832.22
   693215328     -9488.66     -18246.5      1925.82
   693215628     -7877.30     -18869.9      1992.12
   693215928     -6233.82     -19419.7      2031.53
   693216228     -4564.07     -19893.0      2044.96
   693216528     -2875.24     -20287.4      2033.48
   693216828     -1174.79     -20602.0      1998.41
   693217128      530.412     -20836.8      1941.40
   693217428      2233.21     -20993.0      1864.25
   693217728      3927.82     -21072.6      1769.03
   693218028      5608.26     -21078.4      1657.82
   693218328      7269.58     -21013.9      1532.82
   693218628      8907.36     -20883.0      1396.24
   693218928      10518.1     -20690.0      1250.31
   693219228      12098.5     -20439.3      1097.17
   693219528      13647.0     -20135.2      939.041
   693219828      15161.8     -19782.1      777.989
   693220128      16641.4     -19384.5      615.992
   693220428      18085.4     -18946.4      455.059
   693220728      19492.8     -18472.0      297.012
   693221028      20864.5     -17964.8      143.810
   693221328      22200.3     -17428.5     -2.75125
   693221628      23500.7     -16866.7     -140.871
   693221928      24766.4     -16282.4     -268.720
   693222228      25997.9     -15678.9     -384.543
   693222528      27196.2     -15059.3     -486.546
   693222828      28362.0     -14426.4     -572.885
   693223128      29496.1     -13783.3     -641.751
   693223428      30599.8     -13132.9     -691.210
   693223728      31673.9     -12478.1     -719.375
   693224028      32718.9     -11822.2     -724.452
   693224328      33736.3     -11168.1     -704.334
   693224628      34726.6     -10519.4     -657.225
   693224928      35691.0     -9879.53     -581.148
   693225228      36630.2     -9252.36     -474.407
   693225528      37545.1     -8641.82     -335.260
   693225828      38436.4     -8052.29     -162.299
   693226128      39304.9     -7488.29      45.6930
   693226428      40151.5     -6954.62      289.525
   693226728      40976.9     -6456.07      569.719
   693227028      41781.7     -5997.77      886.146
   693227328      42566.6     -5584.72      1238.02
   693227628      43332.2     -5221.86      1623.94
   693227928      44079.1     -4913.60      2041.93
   693228228      44808.1     -4664.05      2489.30
   693228528      45519.4     -4476.75      2962.48
   693228828      46214.0     -4354.12      3457.87
   693229128      46892.1     -4298.07      3970.88
   693229428      47554.4     -4309.31      4496.85
   693229728      48201.1     -4387.61      5030.89
   693230028      48833.0     -4531.64      5568.56
   693230328      49450.2     -4739.33      6105.02
   693230628      50053.4     -5007.67      6636.38
   693230928      50642.8     -5333.20      7158.81
   693231228      51218.8     -5711.79      7669.22
   693231528      51781.9     -6139.20      8165.29
   693231828      52332.3     -6610.98      8644.59
   693232128      52870.6     -7122.68      9106.23
   693232428      53397.0     -7670.05      9548.95
   693232728      53911.7     -8248.87      9972.21
   693233028      54415.1     -8855.32      10375.7
   693233328      54907.4     -9485.84      10759.5
   693233628      55389.0     -10137.2      11124.2
   693233928      55860.1     -10806.5      11470.0
   693234228      56320.9     -11490.9      11797.4
   693234528      56771.9     -12188.5      12107.5
   693234828      57213.1     -12896.9      12400.5
   693235128      57644.8     -13614.4      12677.4
   693235428      58067.2     -14339.5      12939.0
   693235728      58480.6     -15070.9      13185.9
   693236028      58885.1     -15807.2      13418.7
   693236328      59281.0     -16547.6      13638.3
   693236628      59668.3     -17291.1      13844.8
   693236928      60047.5     -18036.9      14039.4
   693237228      60418.5     -18784.3      14222.0
   693237528      60781.6     -19533.0      14393.6
   693237828      61137.0     -20282.2      14554.4
   693238128      61484.7     -21031.7      14704.8
   693238428      61825.1     -21781.0      14845.3
   693238728      62158.2     -22529.9      14976.0
   693239028      62484.1     -23278.1      15097.3
   693239328      62803.1     -24025.3      15209.6
   693239628      63115.2     -24771.5      15313.1
   693239928      63420.6     -25516.2      15407.8
   693240228      63719.4     -26259.4      15494.0
   693240528      64011.8     -27001.1      15572.0
   693240828      64297.8     -27741.2      15641.7
   693241128      64577.6     -28479.4      15703.5
   693241428      64851.3     -29215.8      15757.2
   693241728      65119.0     -29950.3      15803.1
   693242028      65380.9     -30682.8      15841.2
   693242328      65637.0     -31413.3      15871.6
   693242628      65887.4     -32141.7      15894.2
   693242928      66132.2     -32868.2      15909.2
   693243228      66371.6     -33592.4      15916.6
   693243528      66605.6     -34314.4      15916.2
   693243828      66834.2     -35034.2      15908.0
   693244128      67057.7     -35751.9      15892.2
   693244428      67276.1     -36467.3      15868.7
   693244728      67489.4     -37180.6      15837.4
   693245028      67697.8     -37891.7      15798.2
   693245328      67901.4     -38600.5      15751.1
   693245628      68100.1     -39307.0      15696.1
   693245928      68294.2     -40011.3      15633.0
   693246228      68483.6     -40713.4      15561.7
   693246528      68668.5     -41413.2      15482.1
   693246828      68848.8     -42110.7      15394.2
   693247128      69024.7     -42805.7      15297.6
   693247428      69196.3     -43498.6      15192.5
   693247728      69363.5     -44189.0      15078.4
   693248028      69526.6     -44877.2      14955.5
   693248328      69685.5     -45563.1      14823.5
   693248628      69840.2     -46246.7      14682.1
   693248928      69991.0     -46927.7      14531.2
   693249228      70137.7     -47606.5      14370.6
   693249528      70280.5     -48282.7      14200.1
   693249828      70419.5     -48956.6      14019.4
   693250128      70554.5     -49627.8      13828.2
   693250428      70685.9     -50296.7      13626.4
   693250728      70813.5     -50962.8      13413.6
   693251028      70937.5     -51626.4      13189.5
   693251328      71057.8     -52287.4      12954.0
   693251628      71174.6     -52945.7      12706.6
   693251928      71287.8     -53601.2      12446.8
   693252228      71397.6     -54253.9      12174.5
   693252528      71503.9     -54903.6      11889.1
   693252828      71606.9     -55550.3      11590.4
   693253128      71706.5     -56194.0      11277.9
   693253428      71802.8     -56834.6      10951.1
   693253728      71895.9     -57471.6      10609.4
   693254028      71985.7     -58105.5      10252.5
   693254328      72072.4     -58735.6      9879.66
   693254628      72155.9     -59362.0      9490.44
   693254928      72236.4     -59984.4      9084.17
   693255228      72313.7     -60602.8      8660.25
   693255528      72388.1     -61216.9      8217.95
   693255828      72459.4     -61826.5      7756.52
   693256128      72527.8     -62431.2      7275.23
   693256428      72593.3     -63030.9      6773.30
   693256728      72655.9     -63625.3      6249.78
   693257028      72715.7     -64213.7      5703.83
   693257328      72772.6     -64796.3      5134.40
   693257628      72826.8     -65372.2      4540.51
   693257928      72878.2     -65941.0      3921.02
   693258228      72926.8     -66502.2      3274.72
   693258528      72972.8     -67055.3      2600.48
   693258828      73016.2     -67599.7      1896.92
   693259128      73056.8     -68134.5      1162.63
   693259428      73094.9     -68659.0      396.126
   693259728      73130.4     -69172.2     -404.231
   693260028      73163.4     -69673.4     -1240.03
   693260328      73193.8     -70161.1     -2113.10
   693260628      73221.8     -70634.4     -3025.39
   693260928      73247.3     -71091.8     -3978.82
   693261228      73270.3     -71531.8     -4975.58
   693261528      73291.0     -71952.4     -6017.98
   693261828      73309.2     -72352.1     -7108.26
   693262128      73325.1     -72728.6     -8249.13
   693262428      73338.6     -73079.6     -9443.13
   693262728      73349.8     -73402.3     -10693.1
   693263028      73358.7     -73693.6     -12002.0
   693263328      73365.4     -73950.4     -13372.8
   693263628      73369.8     -74168.8     -14808.8
   693263928      73371.9     -74344.8     -16313.2
   693264228      73371.9     -74473.5     -17889.4
   693264528      73369.7     -74549.6     -19540.8
   693264828      73365.3     -74567.5     -21270.9
   693265128      73358.8     -74520.5     -23083.0
   693265428      73350.2     -74401.3     -24980.5
   693265728      73339.4     -74202.0     -26966.5
   693266028      73326.6     -73913.7     -29043.8
   693266328      73311.7     -73526.4     -31214.7
   693266628      73294.8     -73029.3     -33481.1
   693266928      73275.9     -72410.7     -35843.8
   693267228      73255.0     -71658.1     -38303.1
   693267528      73232.0     -70757.7     -40857.4
   693267828      73207.1     -69695.0     -43504.0
   693268128      73180.3     -68455.2     -46238.1
   693268428      73151.5     -67022.5     -49052.5
   693268728      73120.8     -65381.8     -51937.9
   693269028      73088.2     -63518.0     -54881.5
   693269328      73053.8     -61417.0     -57867.7
   693269628      73017.5     -59066.8     -60877.6
   693269928      72979.3     -56457.7     -63888.5
   693270228      72939.3     -53583.6     -66875.2
   693270528      72897.5     -50442.5     -69809.2
   693270828      72853.9     -47037.9     -72660.1
   693271128      72808.5     -43378.8     -75396.4
   693271428      72761.3     -39480.6     -77986.6
   693271728      72712.4     -35364.8     -80400.6
   693272028      72661.8     -31058.5     -82610.8
   693272328      72609.4     -26594.4     -84594.1
   693272628      72555.3     -22008.8     -86332.4
   693272928      72499.5     -17340.5     -87813.4
   693273228      72442.1     -12629.1     -89031.3
   693273528      72382.9     -7913.54     -89986.6
   693273828      72322.1     -3230.58     -90685.7
   693274128      72259.7      1386.53     -91139.9
   693274428      72195.7      5908.85     -91364.7
   693274728      72130.0      10312.0     -91378.8
   693275028      72062.7      14577.0     -91202.3
   693275328      71993.9      18689.2     -90856.7
   693275628      71923.5      22638.8     -90363.3
   693275928      71851.5      26420.1     -89742.6
   693276228      71777.9      30030.6     -89014.9
   693276528      71702.8      33470.8     -88197.4
   693276828      71626.2      36743.7     -87307.1
   693277128      71548.1      39853.7     -86358.4
   693277428      71468.6      42806.8     -85364.0
   693277728      71387.4      45609.7     -84335.5
   693278028      71304.9      48270.0     -83282.3
   693278328      71220.8      50795.2     -82212.4
   693278628      71135.3      53193.1     -81132.8
   693278928      71048.3      55471.4     -80049.0
   693279228      70959.9      57637.8     -78966.0
   693279528      70870.1      59699.4     -77887.2
   693279828      70778.9      61663.2     -76815.8
   693280128      70686.2      63535.8     -75754.1
   693280428      70592.2      65323.3     -74704.0
   693280728      70496.8      67031.6     -73666.8
   693281028      70400.0      68666.3     -72643.7
   693281328      70301.9      70232.1     -71635.0
   693281628      70202.4      71734.0     -70641.3
   693281928      70101.5      73176.3     -69662.8
   693282228      69999.3      74562.9     -68699.4
   693282528      69895.8      75897.7     -67751.0
   693282828      69791.0      77184.1     -66817.2
   693283128      69684.9      78425.4     -65897.8
   693283428      69577.5      79624.4     -64992.3
   693283728      69468.8      80783.9     -64100.2
   693284028      69358.8      81906.5     -63220.9
   693284328      69247.5      82994.4     -62353.8
   693284628      69135.0      84049.7     -61498.3
   693284928      69021.3      85074.6     -60653.9
   693285228      68906.3      86070.8     -59819.8
   693285528      68790.0      87040.1     -58995.4
   693285828      68672.6      87984.0     -58180.1
   693286128      68553.9      88903.9     -57373.2
   693286428      68434.0      89801.2     -56573.9
   693286728      68312.9      90677.3     -55781.9
   693287028      68190.6      91533.2     -54996.3
   693287328      68067.1      92370.1     -54216.5
   693287628      67942.5      93188.8     -53442.0
   693287928      67816.6      93990.5     -52672.0
   693288228      67689.7      94775.9     -51905.9
   693288528      67561.6      95545.8     -51143.2
   693288828      67432.3      96301.1     -50383.3
   693289128      67301.9      97042.4     -49625.5
   693289428      67170.3      97770.3     -48869.3
   693289728      67037.6      98485.5     -48114.1
   693290028      66903.8      99188.6     -47359.2
   693290328      66768.9      99879.9     -46604.1
   693290628      66632.9      100560.     -45848.3
   693290928      66495.8      101230.     -45091.1
   693291228      66357.6      101889.     -44331.9
   693291528      66218.4      102538.     -43570.2
   693291828      66078.0      103178.     -42805.4
   693292128      65936.6      103808.     -42036.9
   693292428      65794.1      104430.     -41264.0
   693292728      65650.6      105043.     -40486.2
   693293028      65506.0      105648.     -39703.0
   693293328      65360.4      106245.     -38913.6
   693293628      65213.8      106833.     -38117.3
   693293928      65066.1      107414.     -37313.8
   693294228      64917.4      107988.     -36502.1
   693294528      64767.6      108554.     -35681.7
   693294828      64616.9      109112.     -34851.9
   693295128      64465.2      109664.     -34011.9
   693295428      64312.5      110208.     -33161.1
   693295728      64158.7      110746.     -32298.7
   693296028      64004.0      111277.     -31423.9
   693296328      63848.3      111800.     -30535.9
   693296628      63691.6      112317.     -29633.9
   693296928      63534.1      112826.     -28716.9
   693297228      63375.4      113329.     -27784.3
   693297528      63215.9      113824.     -26834.8
   693297828      63055.4      114313.     -25867.8
   693298128      62894.0      114793.     -24882.0
   693298428      62731.6      115267.     -23876.4
   693298728      62568.4      115732.     -22849.9
   693299028      62404.1      116190.     -21801.5
   693299328      62238.9      116639.     -20729.7
   693299628      62072.8      117079.     -19633.4
   693299928      61905.8      117510.     -18511.2
   693300228      61738.0      117932.     -17361.7
   693300528      61569.1      118344.     -16183.4
   693300828      61399.5      118745.     -14974.7
   693301128      61228.8      119136.     -13733.9
   693301428      61057.4      119514.     -12459.4
   693301728      60885.0      119879.     -11149.1
   693302028      60711.8      120231.     -9801.37
   693302328      60537.7      120569.     -8413.87
   693302628      60362.7      120890.     -6984.57
   693302928      60186.9      121195.     -5511.15
   693303228      60010.2      121481.     -3991.09
   693303528      59832.7      121747.     -2421.94
   693303828      59654.3      121992.     -800.916
   693304128      59475.2      122212.      874.875
   693304428      59295.1      122407.      2608.36
   693304728      59114.2      122574.      4402.81
   693305028      58932.5      122709.      6261.48
   693305328      58749.9      122811.      8187.93
   693305628      58566.6      122875.      10185.9
   693305928      58382.5      122897.      12259.1
   693306228      58197.5      122874.      14411.6
   693306528      58011.7      122800.      16647.5
   693306828      57825.1      122671.      18971.2
   693307128      57637.7      122480.      21386.9
   693307428      57449.6      122221.      23899.1
   693307728      57260.6      121886.      26512.3
   693308028      57070.9      121468.      29230.8
   693308328      56880.4      120956.      32058.9
   693308628      56689.1      120342.      35000.7
   693308928      56497.1      119613.      38059.8
   693309228      56304.2      118758.      41239.4
   693309528      56110.7      117762.      44541.9
   693309828      55916.4      116612.      47968.9
   693310128      55721.3      115292.      51520.7
   693310428      55525.5      113784.      55196.0
   693310728      55328.9      112071.      58991.9
   693311028      55131.6      110133.      62902.9
   693311328      54933.5      107951.      66921.1
   693311628      54734.8      105504.      71035.1
   693311928      54535.2      102774.      75230.6
   693312228      54334.9      99741.2      79488.6
   693312528      54134.0      96389.0      83786.5
   693312828      53932.3      92702.8      88096.9
   693313128      53730.0      88672.1      92388.4
   693313428      53526.9      84291.1      96625.6
   693313728      53323.1      79559.7      100769.
   693314028      53118.6      74485.1      104779.
   693314328      52913.4      69081.8      108611.
   693314628      52707.5      63372.4      112223.
   693314928      52501.0      57387.8      115577.
   693315228      52293.7      51166.1      118635.
   693315528      52085.8      44752.0      121367.
   693315828      51877.1      38195.0      123749.
   693316128      51667.9      31547.5      125766.
   693316428      51457.9      24863.2      127410.
   693316728      51247.2      18194.4      128683.
   693317028      51035.9      11590.5      129594.
   693317328      50824.0      5096.49      130158.
   693317628      50611.4     -1248.56      130396.
   693317928      50398.1     -7411.79      130334.
   693318228      50184.2     -13367.1      130000.
   693318528      49969.7     -19094.8      129424.
   693318828      49754.4     -24581.4      128635.
   693319128      49538.6     -29819.0      127663.
   693319428      49322.1     -34804.3      126534.
   693319728      49105.0     -39538.1      125275.
   693320028      48887.3     -44024.4      123909.
   693320328      48668.9     -48269.9      122456.
   693320628      48449.9     -52282.8      120937.
   693320928      48230.3     -56073.1      119366.
   693321228      48010.1     -59651.3      117758.
   693321528      47789.3     -63028.5      116125.
   693321828      47567.8     -66216.0      114477.
   693322128      47345.8     -69225.0      112822.
   693322428      47123.1     -72066.6      111169.
   693322728      46899.9     -74751.3      109522.
   693323028      46676.1     -77289.4      107886.
   693323328      46451.6     -79690.6      106266.
   693323628      46226.6     -81963.9      104663.
   693323928      46001.0     -84118.2      103080.
   693324228      45774.7     -86161.4      101519.
   693324528      45548.0     -88101.0      99981.5
   693324828      45320.6     -89944.1      98467.6
   693325128      45092.7     -91697.3      96977.9
   693325428      44864.2     -93366.5      95512.6
   693325728      44635.2     -94957.4      94071.6
   693326028      44405.6     -96475.1      92654.8
   693326328      44175.4     -97924.6      91261.6
   693326628      43944.6     -99310.2      89891.7
   693326928      43713.4     -100636.      88544.3
   693327228      43481.5     -101906.      87218.7
   693327528      43249.1     -103124.      85914.4
   693327828      43016.2     -104292.      84630.3
   693328128      42782.6     -105414.      83365.8
   693328428      42548.6     -106493.      82120.0
   693328728      42314.0     -107531.      80892.0
   693329028      42079.0     -108531.      79680.9
   693329328      41843.3     -109495.      78486.0
   693329628      41607.2     -110425.      77306.3
   693329928      41370.5     -111323.      76141.0
   693330228      41133.3     -112190.      74989.2
   693330528      40895.5     -113029.      73850.1
   693330828      40657.4     -113840.      72722.8
   693331128      40418.7     -114626.      71606.6
   693331428      40179.4     -115388.      70500.6
   693331728      39939.6     -116126.      69404.0
   693332028      39699.4     -116843.      68316.0
   693332328      39458.6     -117538.      67236.0
   693332628      39217.3     -118214.      66163.0
   693332928      38975.6     -118871.      65096.4
   693333228      38733.3     -119510.      64035.4
   693333528      38490.6     -120131.      62979.2
   693333828      38247.4     -120736.      61927.1
   693334128      38003.7     -121326.      60878.4
   693334428      37759.4     -121900.      59832.3
   693334728      37514.8     -122460.      58788.2
   693335028      37269.6     -123006.      57745.4
   693335328      37024.1     -123539.      56703.0
   693335628      36777.9     -124058.      55660.4
   693335928      36531.4     -124566.      54616.9
   693336228      36284.5     -125061.      53571.7
   693336528      36037.0     -125545.      52524.1
   693336828      35789.0     -126018.      51473.4
   693337128      35540.6     -126480.      50418.8
   693337428      35291.8     -126932.      49359.6
   693337728      35042.6     -127374.      48294.9
   693338028      34792.8     -127805.      47224.1
   693338328      34542.6     -128227.      46146.4
   693338628      34292.0     -128639.      45060.7
   693338928      34040.9     -129042.      43966.5
   693339228      33789.5     -129435.      42862.7
   693339528      33537.6     -129820.      41748.6
   693339828      33285.2     -130196.      40623.2
   693340128      33032.5     -130562.      39485.4
   693340428      32779.2     -130920.      38334.6
   693340728      32525.6     -131269.      37169.5
   693341028      32271.6     -131610.      35989.1
   693341328      32017.1     -131941.      34792.4
   693341628      31762.3     -132263.      33578.1
   693341928      31507.0     -132576.      32345.2
   693342228      31251.3     -132880.      31092.3
   693342528      30995.3     -133174.      29818.3
   693342828      30738.8     -133458.      28521.6
   693343128      30481.9     -133732.      27201.0
   693343428      30224.6     -133996.      25854.9
   693343728      29966.9     -134249.      24481.7
   693344028      29708.9     -134491.      23079.8
   693344328      29450.4     -134720.      21647.5
   693344628      29191.5     -134938.      20182.8
   693344928      28932.3     -135141.      18684.0
   693345228      28672.7     -135331.      17148.8
   693345528      28412.7     -135506.      15575.3
   693345828      28152.4     -135664.      13961.0
   693346128      27891.6     -135806.      12303.7
   693346428      27630.6     -135929.      10600.7
   693346728      27369.1     -136031.      8849.34
   693347028      27107.3     -136112.      7046.81
   693347328      26845.2     -136169.      5190.05
   693347628      26582.6     -136201.      3275.98
   693347928      26319.8     -136204.      1301.19
   693348228      26056.6     -136177.     -737.866
   693348528      25792.9     -136116.     -2844.82
   693348828      25528.9     -136018.     -5023.60
   693349128      25264.7     -135879.     -7278.32
   693349428      25000.0     -135695.     -9613.19
   693349728      24735.1     -135461.     -12032.7
   693350028      24469.9     -135172.     -14541.3
   693350328      24204.2     -134822.     -17143.8
   693350628      23938.3     -134404.     -19845.0
   693350928      23672.0     -133912.     -22649.7
   693351228      23405.4     -133336.     -25562.8
   693351528      23138.5     -132667.     -28589.0
   693351828      22871.3     -131895.     -31732.9
   693352128      22603.8     -131009.     -34998.8
   693352428      22336.0     -129996.     -38390.2
   693352728      22067.8     -128842.     -41910.4
   693353028      21799.3     -127532.     -45561.4
   693353328      21530.6     -126050.     -49344.2
   693353628      21261.5     -124376.     -53258.0
   693353928      20992.2     -122493.     -57300.4
   693354228      20722.5     -120380.     -61466.2
   693354528      20452.5     -118016.     -65747.7
   693354828      20182.4     -115379.     -70133.7
   693355128      19911.8     -112448.     -74609.0
   693355428      19641.0     -109202.     -79154.3
   693355728      19370.0     -105623.     -83745.5
   693356028      19098.6     -101695.     -88353.5
   693356328      18827.0     -97403.8     -92944.6
   693356628      18555.1     -92743.8     -97479.9
   693356928      18282.9     -87713.8     -101917.
   693357228      18010.5     -82320.8     -106210.
   693357528      17737.9     -76580.1     -110313.
   693357828      17465.0     -70516.4     -114177.
   693358128      17191.8     -64163.1     -117759.
   693358428      16918.4     -57562.5     -121017.
   693358728      16644.7     -50763.9     -123918.
   693359028      16370.8     -43822.4     -126435.
   693359328      16096.6     -36796.3     -128551.
   693359628      15822.3     -29745.1     -130258.
   693359928      15547.6     -22726.7     -131557.
   693360228      15272.7     -15795.6     -132461.
   693360528      14997.7     -9000.71     -132987.
   693360828      14722.4     -2384.52     -133159.
   693361128      14446.8      4018.01     -133008.
   693361428      14171.1      10179.4     -132564.
   693361728      13895.1      16079.8     -131861.
   693362028      13618.9      21706.0     -130932.
   693362328      13342.5      27051.0     -129810.
   693362628      13065.9      32113.0     -128526.
   693362928      12789.2      36894.7     -127106.
   693363228      12512.2      41401.8     -125577.
   693363528      12235.1      45643.2     -123962.
   693363828      11957.7      49629.0     -122280.
   693364128      11680.2      53371.2     -120549.
   693364428      11402.4      56882.1     -118784.
   693364728      11124.5      60174.8     -116997.
   693365028      10846.4      63262.1     -115199.
   693365328      10568.1      66156.8     -113399.
   693365628      10289.8      68871.2     -111604.
   693365928      10011.1      71417.1     -109820.
   693366228      9732.42      73806.0     -108051.
   693366528      9453.42      76048.5     -106302.
   693366828      9174.38      78154.7     -104575.
   693367128      8895.16      80133.9     -102873.
   693367428      8615.79      81995.0     -101197.
   693367728      8336.34      83746.2     -99547.8
   693368028      8056.68      85394.9     -97926.4
   693368328      7776.95      86948.2     -96333.1
   693368628      7497.04      88412.6     -94767.9
   693368928      7217.00      89794.2     -93230.7
   693369228      6936.88      91098.4     -91721.1
   693369528      6656.66      92330.4     -90238.7
   693369828      6376.25      93494.8     -88782.7
   693370128      6095.72      94596.1     -87352.6
   693370428      5815.11      95638.3     -85947.5
   693370728      5534.40      96625.2     -84566.6
   693371028      5253.58      97560.1     -83209.2
   693371328      4972.67      98446.1     -81874.2
   693371628      4691.75      99286.5     -80560.9
   693371928      4410.67      100084.     -79268.3
   693372228      4129.48      100840.     -77995.5
   693372528      3848.30      101558.     -76741.7
   693372828      3566.92      102241.     -75506.0
   693373128      3285.58      102889.     -74287.4
   693373428      3004.23      103505.     -73085.2
   693373728      2722.78      104090.     -71898.4
   693374028      2441.23      104646.     -70726.4
   693374328      2159.69      105175.     -69568.2
   693374628      1878.06      105678.     -68423.0
   693374928      1596.38      106156.     -67290.1
   693375228      1314.65      106611.     -66168.8
   693375528      1032.88      107043.     -65058.2
   693375828      751.186      107453.     -63957.6
   693376128      469.377      107844.     -62866.4
   693376428      187.564      108214.     -61783.7
   693376728     -94.2756      108567.     -60708.9
   693377028     -376.070      108901.     -59641.4
   693377328     -657.820      109218.     -58580.5
   693377628     -939.566      109519.     -57525.4
   693377928     -1221.37      109804.     -56475.6
   693378228     -1503.16      110074.     -55430.4
   693378528     -1784.93      110329.     -54389.2
   693378828     -2066.68      110570.     -53351.3
   693379128     -2348.28      110797.     -52316.1
   693379428     -2629.97      111011.     -51282.9
   693379728     -2911.54      111213.     -50251.3
   693380028     -3193.11      111402.     -49220.4
   693380328     -3474.59      111579.     -48189.7
   693380628     -3756.05      111745.     -47158.6
   693380928     -4037.44      111899.     -46126.3
   693381228     -4318.74      112042.     -45092.3
   693381528     -4599.89      112175.     -44056.0
   693381828     -4881.00      112297.     -43016.6
   693382128     -5162.11      112408.     -41973.5
   693382428     -5443.00      112510.     -40926.0
   693382728     -5723.88      112601.     -39873.3
   693383028     -6004.62      112682.     -38814.9
   693383328     -6285.23      112754.     -37750.0
   693383628     -6565.64      112816.     -36677.7
   693383928     -6846.01      112869.     -35597.4
   693384228     -7126.17      112911.     -34508.2
   693384528     -7406.31      112945.     -33409.3
   693384828     -7686.17      112968.     -32299.9
   693385128     -7965.95      112982.     -31179.0
   693385428     -8245.56      112986.     -30045.8
   693385728     -8524.92      112981.     -28899.3
   693386028     -8804.20      112965.     -27738.4
   693386328     -9083.26      112939.     -26562.2
   693386628     -9362.14      112903.     -25369.6
   693386928     -9640.75      112856.     -24159.4
   693387228     -9919.16      112798.     -22930.4
   693387528     -10197.4      112728.     -21681.5
   693387828     -10475.4      112647.     -20411.1
   693388128     -10753.1      112553.     -19118.1
   693388428     -11030.6      112446.     -17800.9
   693388728     -11307.9      112326.     -16458.1
   693389028     -11584.9      112191.     -15088.0
   693389328     -11861.5      112042.     -13688.9
   693389628     -12137.9      111876.     -12259.1
   693389928     -12414.1      111693.     -10796.7
   693390228     -12690.0      111491.     -9299.76
   693390528     -12965.5      111270.     -7766.16
   693390828     -13240.7      111027.     -6193.76
   693391128     -13515.6      110762.     -4580.31
   693391428     -13790.2      110472.     -2923.40
   693391728     -14064.4      110155.     -1220.55
   693392028     -14338.2      109809.      530.870
   693392328     -14611.8      109430.      2333.55
   693392628     -14884.8      109017.      4190.31
   693392928     -15157.6      108566.      6104.01
   693393228     -15429.9      108072.      8077.68
   693393528     -15701.8      107533.      10114.3
   693393828     -15973.4      106943.      12216.8
   693394128     -16244.4      106297.      14388.4
   693394428     -16515.1      105589.      16632.0
   693394728     -16785.2      104813.      18950.4
   693395028     -17054.9      103963.      21346.2
   693395328     -17324.1      103029.      23821.9
   693395628     -17592.9      102004.      26379.2
   693395928     -17861.1      100879.      29019.5
   693396228     -18128.9      99642.1      31743.6
   693396528     -18396.0      98283.6      34551.1
   693396828     -18662.7      96791.3      37440.5
   693397128     -18928.7      95152.7      40409.0
   693397428     -19194.3      93354.7      43451.9
   693397728     -19459.2      91383.9      46562.6
   693398028     -19723.6      89226.7      49732.2
   693398328     -19987.3      86869.8      52949.1
   693398628     -20250.4      84301.0      56198.9
   693398928     -20512.9      81508.8      59463.8
   693399228     -20774.7      78484.5      62723.1
   693399528     -21035.8      75221.7      65952.9
   693399828     -21296.3      71717.8      69126.2
   693400128     -21556.0      67974.6      72213.8
   693400428     -21814.9      63999.0      75184.5
   693400728     -22073.2      59803.5      78006.7
   693401028     -22330.7      55406.8      80649.0
   693401328     -22587.4      50832.9      83081.8
   693401628     -22843.4      46111.8      85278.2
   693401928     -23098.5      41277.8      87216.2
   693402228     -23352.8      36368.6      88878.8
   693402528     -23606.3      31424.1      90255.2
   693402828     -23858.8      26484.4      91340.9
   693403128     -24110.6      21588.8      92137.8
   693403428     -24361.4      16774.0      92653.7
   693403728     -24611.2      12072.8      92901.6
   693404028     -24860.1      7513.97      92898.7
   693404328     -25108.0      3120.93      92665.2
   693404628     -25354.9     -1087.84      92223.4
   693404928     -25600.9     -5098.90      91596.1
   693405228     -25845.7     -8903.55      90807.0
   693405528     -26089.5     -12497.1      89878.4
   693405828     -26332.2     -15878.7      88831.9
   693406128     -26573.8     -19050.3      87687.5
   693406428     -26814.3     -22016.1      86463.1
   693406728     -27053.5     -24782.7      85175.3
   693407028     -27291.7     -27357.2      83838.1
   693407328     -27528.5     -29748.4      82464.3
   693407628     -27764.1     -31965.2      81064.8
   693407928     -27998.5     -34016.9      79648.6
   693408228     -28231.5     -35913.0      78224.0
   693408528     -28463.2     -37662.6      76797.2
   693408828     -28693.5     -39274.8      75373.6
   693409128     -28922.4     -40758.1      73957.8
   693409428     -29149.9     -42120.9      72553.5
   693409728     -29375.9     -43371.0      71163.4
   693410028     -29600.3     -44515.8      69790.0
   693410328     -29823.3     -45562.0      68434.8
   693410628     -30044.7     -46516.3      67099.2
   693410928     -30264.4     -47384.6      65784.2
   693411228     -30482.6     -48172.3      64490.3
   693411528     -30699.0     -48884.9      63218.2
   693411828     -30913.7     -49527.1      61967.8
   693412128     -31126.6     -50103.1      60739.1
   693412428     -31337.8     -50617.1      59532.1
   693412728     -31547.0     -51072.9      58346.5
   693413028     -31754.4     -51474.1      57182.0
   693413328     -31959.8     -51823.7      56038.1
   693413628     -32163.2     -52124.8      54914.6
   693413928     -32364.5     -52380.2      53810.8
   693414228     -32563.8     -52592.3      52726.4
   693414528     -32761.0     -52763.2      51660.4
   693414828     -32955.9     -52895.6      50612.9
   693415128     -33148.5     -52991.1      49582.9
   693415428     -33338.9     -53051.6      48570.1
   693415728     -33526.8     -53079.0      47573.9
   693416028     -33712.4     -53074.6      46593.7
   693416328     -33895.4     -53039.9      45628.9
